Resource,MA_natural_gas_combined_cycle,MA_solar_pv,CT_natural_gas_combined_cycle,CT_onshore_wind,CT_solar_pv,ME_natural_gas_combined_cycle,ME_onshore_wind,MA_battery,CT_battery,ME_battery
Zone,1,1,2,2,2,3,3,1,2,3
t1,0.0,0.0,0.0,0.0,0.0,0.0,0.0,7495.412335761511,508.28856527422107,4961.392552660573
t2,0.0,0.0,0.0,0.0,0.0,0.0,0.0,7785.432573728559,508.28856527422107,4961.392552660573
t3,0.0,0.0,0.0,0.0,0.0,0.0,0.0,8463.151745683559,508.28856527422107,4961.392552660573
t4,0.0,0.0,0.0,0.0,0.0,0.0,0.0,8046.537159608436,508.28856527422107,4961.392552660573
t5,0.0,0.0,0.0,0.0,0.0,0.0,0.0,8046.537159608436,508.28856527422107,4961.392552660573
t6,0.0,0.0,0.0,0.0,0.0,0.0,0.0,8228.381859156678,508.28856527422107,4961.392552660573
t7,0.0,0.0,0.0,0.0,0.0,0.0,0.0,8096.735805160389,254.14428263711054,4961.392552660573
t8,0.0,0.0,0.0,0.0,0.0,0.0,0.0,6045.398937669384,254.14428263711054,4961.392552660573
t9,0.0,0.0,0.0,0.0,0.0,0.0,0.0,6045.398937669384,254.14428263711054,4961.392552660573
t10,0.0,0.0,0.0,0.0,0.0,0.0,0.0,6045.398937669384,254.14428263711054,4961.392552660573
t11,0.0,0.0,0.0,0.0,0.0,0.0,0.0,3994.06207017838,0.0,4279.302848643102
t12,0.0,0.0,0.0,0.0,0.0,0.0,0.0,3994.06207017838,0.0,3229.7184496140294
t13,0.0,0.0,0.0,0.0,0.0,0.0,0.0,3994.06207017838,0.0,2179.7458289671595
t14,0.0,0.0,0.0,0.0,0.0,0.0,0.0,3994.06207017838,0.0,1129.7732083202898
t15,0.0,0.0,0.0,0.0,0.0,0.0,0.0,3994.06207017838,0.0,79.80058767342024
t16,0.0,0.0,0.0,0.0,0.0,0.0,0.0,1942.7252026873755,0.0,0.0
t17,0.0,0.0,0.0,0.0,0.0,0.0,0.0,1017.3919565322338,0.0,0.0
t18,0.0,0.0,0.0,0.0,0.0,0.0,0.0,691.5221992367419,0.0,0.0
t19,0.0,0.0,0.0,0.0,0.0,0.0,0.0,691.5221992367419,0.0,0.0
t20,0.0,0.0,0.0,0.0,0.0,0.0,0.0,0.0,0.0,72.99217594369179
t21,0.0,0.0,0.0,0.0,0.0,0.0,0.0,0.0,0.0,0.0
t22,0.0,0.0,0.0,0.0,0.0,0.0,0.0,0.0,0.0,199.3650799904234
t23,0.0,0.0,0.0,0.0,0.0,0.0,0.0,0.0,0.0,267.2211838589607
t24,0.0,0.0,0.0,0.0,0.0,0.0,0.0,544.5282692527829,0.0,603.3131335071557
t25,0.0,0.0,0.0,0.0,0.0,0.0,0.0,1824.548143572386,0.0,603.3131335071557
t26,0.0,0.0,0.0,0.0,0.0,0.0,0.0,3560.799668216772,215.10772082405038,1177.8244586150502
t27,0.0,0.0,0.0,0.0,0.0,0.0,0.0,5297.051192861158,430.21544164810075,1177.8244586150502
t28,0.0,0.0,0.0,0.0,0.0,0.0,0.0,7033.302717505544,645.3231624721511,1177.8244586150502
t29,0.0,0.0,0.0,0.0,0.0,0.0,0.0,8769.55424214993,753.2886895040897,1177.8244586150502
t30,0.0,0.0,0.0,0.0,0.0,0.0,0.0,9626.813378242805,762.4328479113317,1177.8244586150502
t31,0.0,0.0,0.0,0.0,0.0,0.0,0.0,8684.624491817855,508.2885652742212,1648.9731772963537
t32,0.0,0.0,0.0,0.0,0.0,0.0,0.0,8684.624491817855,508.2885652742212,1648.9731772963537
t33,0.0,0.0,0.0,0.0,0.0,0.0,0.0,6633.287624326851,508.2885652742212,1648.9731772963537
t34,0.0,0.0,0.0,0.0,0.0,0.0,0.0,6633.287624326851,508.2885652742212,1990.9022213910462
t35,0.0,0.0,0.0,0.0,0.0,0.0,0.0,6308.07707443761,254.14428263711054,1990.9022213910462
t36,0.0,0.0,0.0,0.0,0.0,0.0,0.0,5697.862679708704,254.14428263711054,1463.2607761105246
t37,0.0,0.0,0.0,0.0,0.0,0.0,0.0,5697.862679708704,254.14428263711054,774.9054945087499
t38,0.0,0.0,0.0,0.0,0.0,0.0,0.0,5281.409776014215,254.14428263711054,416.2557257658104
t39,0.0,0.0,0.0,0.0,0.0,0.0,0.0,5281.409776014215,254.14428263711054,568.7443489206632
t40,0.0,0.0,0.0,0.0,0.0,0.0,0.0,4190.580015439895,0.0,568.7443489206632
t41,0.0,0.0,0.0,0.0,0.0,0.0,0.0,2139.24314794889,0.0,568.7443489206632
t42,0.0,0.0,0.0,0.0,0.0,0.0,0.0,87.90628045788563,0.0,568.7443489206632
t43,0.0,0.0,0.0,0.0,0.0,0.0,0.0,87.90628045788563,0.0,568.7443489206632
t44,0.0,0.0,0.0,0.0,0.0,0.0,0.0,87.90628045788563,0.0,568.7443489206632
t45,0.0,0.0,0.0,0.0,0.0,0.0,0.0,0.0,0.0,568.7443489206632
t46,0.0,0.0,0.0,0.0,0.0,0.0,0.0,0.0,0.0,568.7443489206632
t47,0.0,0.0,0.0,0.0,0.0,0.0,0.0,38.386990391193976,215.10772082405038,568.7443489206632
t48,0.0,0.0,0.0,0.0,0.0,0.0,0.0,1499.590973272815,215.10772082405038,568.7443489206632
t49,0.0,0.0,0.0,0.0,0.0,0.0,0.0,1800.7848263510036,215.10772082405038,568.7443489206632
t50,0.0,0.0,0.0,0.0,0.0,0.0,0.0,1800.7848263510036,215.10772082405038,568.7443489206632
t51,0.0,0.0,0.0,0.0,0.0,0.0,0.0,3537.0363509953895,215.10772082405038,1457.4411750361737
t52,0.0,0.0,0.0,0.0,0.0,0.0,0.0,5273.287875639776,215.10772082405038,1457.4411750361737
t53,0.0,0.0,0.0,0.0,0.0,0.0,0.0,5273.287875639776,215.10772082405038,1457.4411750361737
t54,0.0,0.0,0.0,0.0,0.0,0.0,0.0,5273.287875639776,215.10772082405038,1457.4411750361737
t55,0.0,0.0,0.0,0.0,0.0,0.0,0.0,4713.383585107037,215.10772082405038,1457.4411750361737
t56,0.0,0.0,0.0,0.0,0.0,0.0,0.0,3225.2451777220986,215.10772082405038,1457.4411750361737
t57,0.0,0.0,0.0,0.0,0.0,0.0,0.0,2682.9870235559847,215.10772082405038,1457.4411750361737
t58,0.0,0.0,0.0,0.0,0.0,0.0,0.0,2977.789124876365,430.21544164810075,1457.4411750361737
t59,0.0,0.0,0.0,0.0,0.0,0.0,0.0,4714.040649520751,430.21544164810075,1457.4411750361737
t60,0.0,0.0,0.0,0.0,0.0,0.0,0.0,4714.040649520751,430.21544164810075,1457.4411750361737
t61,0.0,0.0,0.0,0.0,0.0,0.0,0.0,6450.292174165137,645.3231624721511,2211.328592963393
t62,0.0,0.0,0.0,0.0,0.0,0.0,0.0,8186.5436988095225,645.3231624721511,2211.328592963393
t63,0.0,0.0,0.0,0.0,0.0,0.0,0.0,8186.5436988095225,645.3231624721511,2211.328592963393
t64,0.0,0.0,0.0,0.0,0.0,0.0,0.0,8999.32004104696,762.4328479113317,2211.328592963393
t65,0.0,0.0,0.0,0.0,0.0,0.0,0.0,8865.431031473072,762.4328479113317,2211.328592963393
t66,0.0,0.0,0.0,0.0,0.0,0.0,0.0,6814.094163982068,508.2885652742212,1993.6301564622788
t67,0.0,0.0,0.0,0.0,0.0,0.0,0.0,4762.757296491063,254.14428263711054,2419.069742104571
t68,0.0,0.0,0.0,0.0,0.0,0.0,0.0,2711.420429000059,0.0,2419.069742104571
t69,0.0,0.0,0.0,0.0,0.0,0.0,0.0,660.0835615090543,0.0,2419.069742104571
t70,0.0,0.0,0.0,0.0,0.0,0.0,0.0,0.0,0.0,2419.069742104571
t71,0.0,0.0,0.0,0.0,0.0,0.0,0.0,277.59844924902575,215.10772082405038,2419.069742104571
t72,0.0,0.0,0.0,0.0,0.0,0.0,0.0,1936.4740809249204,215.10772082405038,2419.069742104571
t73,0.0,0.0,0.0,0.0,0.0,0.0,0.0,1936.4740809249204,215.10772082405038,2419.069742104571
t74,0.0,0.0,0.0,0.0,0.0,0.0,0.0,3672.7256055693065,215.10772082405038,2999.4880129638573
t75,0.0,0.0,0.0,0.0,0.0,0.0,0.0,3672.7256055693065,215.10772082405038,2999.4880129638573
t76,0.0,0.0,0.0,0.0,0.0,0.0,0.0,5408.977130213692,215.10772082405038,2999.4880129638573
t77,0.0,0.0,0.0,0.0,0.0,0.0,0.0,6173.390356861059,215.10772082405038,2999.4880129638573
t78,0.0,0.0,0.0,0.0,0.0,0.0,0.0,6173.390356861059,215.10772082405038,2999.4880129638573
t79,0.0,0.0,0.0,0.0,0.0,0.0,0.0,6173.390356861059,215.10772082405038,2999.4880129638573
t80,0.0,0.0,0.0,0.0,0.0,0.0,0.0,4832.762722162659,215.10772082405038,2999.4880129638573
t81,0.0,0.0,0.0,0.0,0.0,0.0,0.0,4832.762722162659,332.45754478446474,2999.4880129638573
t82,0.0,0.0,0.0,0.0,0.0,0.0,0.0,5794.814455515629,332.45754478446474,2999.4880129638573
t83,0.0,0.0,0.0,0.0,0.0,0.0,0.0,7531.065980160014,332.45754478446474,2999.4880129638573
t84,0.0,0.0,0.0,0.0,0.0,0.0,0.0,7531.065980160014,547.5652656085151,2999.4880129638573
t85,0.0,0.0,0.0,0.0,0.0,0.0,0.0,7531.065980160014,547.5652656085151,2999.4880129638573
t86,0.0,0.0,0.0,0.0,0.0,0.0,0.0,8807.464889771993,762.4328479113317,3888.184839079368
t87,0.0,0.0,0.0,0.0,0.0,0.0,0.0,8807.464889771993,762.4328479113317,3888.184839079368
t88,0.0,0.0,0.0,0.0,0.0,0.0,0.0,9626.813378242805,762.4328479113317,3888.184839079368
t89,0.0,0.0,0.0,0.0,0.0,0.0,0.0,8556.117763869172,762.4328479113317,3888.184839079368
t90,0.0,0.0,0.0,0.0,0.0,0.0,0.0,8026.134698486207,762.4328479113317,3888.184839079368
t91,0.0,0.0,0.0,0.0,0.0,0.0,0.0,5974.797830995202,762.4328479113317,4347.957965062499
t92,0.0,0.0,0.0,0.0,0.0,0.0,0.0,5974.797830995202,762.4328479113317,4347.957965062499
t93,0.0,0.0,0.0,0.0,0.0,0.0,0.0,5974.797830995202,762.4328479113317,4347.957965062499
t94,0.0,0.0,0.0,0.0,0.0,0.0,0.0,5974.797830995202,762.4328479113317,4961.392552660573
t95,0.0,0.0,0.0,0.0,0.0,0.0,0.0,5974.797830995202,762.4328479113317,4598.251422062283
t96,0.0,0.0,0.0,0.0,0.0,0.0,0.0,6221.866332109409,762.4328479113317,4961.392552660573
t97,0.0,0.0,0.0,0.0,0.0,0.0,0.0,6869.464698021776,762.4328479113317,4961.392552660573
t98,0.0,0.0,0.0,0.0,0.0,0.0,0.0,7945.392289438013,762.4328479113317,4961.392552660573
t99,0.0,0.0,0.0,0.0,0.0,0.0,0.0,8955.49991363124,762.4328479113317,4961.392552660573
t100,0.0,0.0,0.0,0.0,0.0,0.0,0.0,9412.510129825056,762.4328479113317,4961.392552660573
t101,0.0,0.0,0.0,0.0,0.0,0.0,0.0,9626.813378242805,762.4328479113317,4961.392552660573
t102,0.0,0.0,0.0,0.0,0.0,0.0,0.0,9626.813378242805,762.4328479113317,4961.392552660573
t103,0.0,0.0,0.0,0.0,0.0,0.0,0.0,9626.813378242805,762.4328479113317,4961.392552660573
t104,0.0,0.0,0.0,0.0,0.0,0.0,0.0,9626.813378242805,762.4328479113317,4961.392552660573
t105,0.0,0.0,0.0,0.0,0.0,0.0,0.0,9626.813378242805,762.4328479113317,4961.392552660573
t106,0.0,0.0,0.0,0.0,0.0,0.0,0.0,9626.813378242805,762.4328479113317,4961.392552660573
t107,0.0,0.0,0.0,0.0,0.0,0.0,0.0,9626.813378242805,762.4328479113317,4961.392552660573
t108,0.0,0.0,0.0,0.0,0.0,0.0,0.0,9626.813378242805,762.4328479113317,4961.392552660573
t109,0.0,0.0,0.0,0.0,0.0,0.0,0.0,9626.813378242805,762.4328479113317,4895.318686162288
t110,0.0,0.0,0.0,0.0,0.0,0.0,0.0,9626.813378242805,762.4328479113317,4014.2310407582904
t111,0.0,0.0,0.0,0.0,0.0,0.0,0.0,9592.668532594875,508.28856527422107,3103.7991371943904
t112,0.0,0.0,0.0,0.0,0.0,0.0,0.0,8516.87488789543,254.14428263711054,2053.8265165475214
t113,0.0,0.0,0.0,0.0,0.0,0.0,0.0,6465.538020404425,254.14428263711054,1003.8538959006513
t114,0.0,0.0,0.0,0.0,0.0,0.0,0.0,4414.201152913421,254.14428263711054,214.50639169401157
t115,0.0,0.0,0.0,0.0,0.0,0.0,0.0,2362.8642854224163,254.14428263711054,0.0
t116,0.0,0.0,0.0,0.0,0.0,0.0,0.0,311.52741793141206,0.0,0.0
t117,0.0,0.0,0.0,0.0,0.0,0.0,0.0,0.0,0.0,0.0
t118,0.0,0.0,0.0,0.0,0.0,0.0,0.0,0.0,0.0,0.0
t119,0.0,0.0,0.0,0.0,0.0,0.0,0.0,0.0,0.0,0.0
t120,0.0,0.0,0.0,0.0,0.0,0.0,0.0,393.2884942547146,0.0,0.0
t121,0.0,0.0,0.0,0.0,0.0,0.0,0.0,1863.6326886490306,215.10772082405038,290.86431145451496
t122,0.0,0.0,0.0,0.0,0.0,0.0,0.0,3599.884213293417,430.21544164810075,972.0188537137457
t123,0.0,0.0,0.0,0.0,0.0,0.0,0.0,5336.135737937803,430.21544164810075,1860.715679829256
t124,0.0,0.0,0.0,0.0,0.0,0.0,0.0,7072.387262582189,645.3231624721511,1860.715679829256
t125,0.0,0.0,0.0,0.0,0.0,0.0,0.0,8423.953843770341,762.4328479113317,1860.715679829256
t126,0.0,0.0,0.0,0.0,0.0,0.0,0.0,9626.813378242805,762.4328479113317,1860.715679829256
t127,0.0,0.0,0.0,0.0,0.0,0.0,0.0,9565.244584123373,762.4328479113317,1507.9038409734123
t128,0.0,0.0,0.0,0.0,0.0,0.0,0.0,8265.155898666322,508.2885652742212,1673.5623944732547
t129,0.0,0.0,0.0,0.0,0.0,0.0,0.0,6410.516589540205,508.2885652742212,2325.764720697559
t130,0.0,0.0,0.0,0.0,0.0,0.0,0.0,6410.516589540205,508.2885652742212,2325.764720697559
t131,0.0,0.0,0.0,0.0,0.0,0.0,0.0,4429.985055582347,418.9145292153095,3214.4615468130696
t132,0.0,0.0,0.0,0.0,0.0,0.0,0.0,4429.985055582347,418.9145292153095,3214.4615468130696
t133,0.0,0.0,0.0,0.0,0.0,0.0,0.0,4429.985055582347,418.9145292153095,4103.15837292858
t134,0.0,0.0,0.0,0.0,0.0,0.0,0.0,4429.985055582347,418.9145292153095,4103.15837292858
t135,0.0,0.0,0.0,0.0,0.0,0.0,0.0,4429.985055582347,418.9145292153095,4103.15837292858
t136,0.0,0.0,0.0,0.0,0.0,0.0,0.0,2378.6481880913425,254.14428263711054,4806.119363766731
t137,0.0,0.0,0.0,0.0,0.0,0.0,0.0,2378.6481880913425,254.14428263711054,4806.119363766731
t138,0.0,0.0,0.0,0.0,0.0,0.0,0.0,2378.6481880913425,254.14428263711054,4199.890482587478
t139,0.0,0.0,0.0,0.0,0.0,0.0,0.0,327.31132060033826,254.14428263711054,3149.917861940609
t140,0.0,0.0,0.0,0.0,0.0,0.0,0.0,327.31132060033826,254.14428263711054,2099.945241293739
t141,0.0,0.0,0.0,0.0,0.0,0.0,0.0,327.31132060033826,254.14428263711054,1049.9726206468695
t142,0.0,0.0,0.0,0.0,0.0,0.0,0.0,0.0,0.0,0.0
t143,0.0,0.0,0.0,0.0,0.0,0.0,0.0,0.0,117.10968543918054,332.4829990556607
t144,0.0,0.0,0.0,0.0,0.0,0.0,0.0,0.0,117.10968543918054,1221.1798251711712
t145,0.0,0.0,0.0,0.0,0.0,0.0,0.0,624.7079986835258,117.10968543918054,1221.1798251711712
t146,0.0,0.0,0.0,0.0,0.0,0.0,0.0,2360.959523327912,332.21740626323094,2109.876651286682
t147,0.0,0.0,0.0,0.0,0.0,0.0,0.0,4097.211047972298,332.21740626323094,2109.876651286682
t148,0.0,0.0,0.0,0.0,0.0,0.0,0.0,5833.462572616684,332.21740626323094,2998.5734774021926
t149,0.0,0.0,0.0,0.0,0.0,0.0,0.0,7569.71409726107,332.21740626323094,2998.5734774021926
t150,0.0,0.0,0.0,0.0,0.0,0.0,0.0,7569.71409726107,332.21740626323094,2998.5734774021926
t151,0.0,0.0,0.0,0.0,0.0,0.0,0.0,8247.258924955457,547.3251270872813,3887.270303517703
t152,0.0,0.0,0.0,0.0,0.0,0.0,0.0,8247.258924955457,547.3251270872813,3887.270303517703
t153,0.0,0.0,0.0,0.0,0.0,0.0,0.0,9626.813378242805,547.3251270872813,4271.2075675766655
t154,0.0,0.0,0.0,0.0,0.0,0.0,0.0,9626.813378242805,762.4328479113317,4271.2075675766655
t155,0.0,0.0,0.0,0.0,0.0,0.0,0.0,9407.388151800593,762.4328479113317,4130.611720564158
t156,0.0,0.0,0.0,0.0,0.0,0.0,0.0,9626.813378242805,762.4328479113317,4130.611720564158
t157,0.0,0.0,0.0,0.0,0.0,0.0,0.0,9626.813378242805,762.4328479113317,4126.0698434001515
t158,0.0,0.0,0.0,0.0,0.0,0.0,0.0,9626.813378242805,762.4328479113317,3989.346678177662
t159,0.0,0.0,0.0,0.0,0.0,0.0,0.0,9626.813378242805,762.4328479113317,3686.843549853143
t160,0.0,0.0,0.0,0.0,0.0,0.0,0.0,9626.813378242805,762.4328479113317,3293.675050273
t161,0.0,0.0,0.0,0.0,0.0,0.0,0.0,9029.889871379999,762.4328479113317,2243.702429626131
t162,0.0,0.0,0.0,0.0,0.0,0.0,0.0,7271.259432529122,630.8556792255032,1193.7298089792612
t163,0.0,0.0,0.0,0.0,0.0,0.0,0.0,5835.773501243644,630.8556792255032,724.337047227534
t164,0.0,0.0,0.0,0.0,0.0,0.0,0.0,4422.120525441769,630.8556792255032,1406.60524819853
t165,0.0,0.0,0.0,0.0,0.0,0.0,0.0,4422.120525441769,630.8556792255032,2295.3020743140405
t166,0.0,0.0,0.0,0.0,0.0,0.0,0.0,4735.844711830359,630.8556792255032,3183.998900429551
t167,0.0,0.0,0.0,0.0,0.0,0.0,0.0,5759.160811117125,630.8556792255032,4072.695726545062
t168,0.0,0.0,0.0,0.0,0.0,0.0,0.0,7495.412335761511,668.0823919116967,4961.392552660573
t169,0.0,0.0,0.0,0.0,0.0,0.0,0.0,4145.316458257834,645.3231624721511,2919.493407407082
t170,0.0,0.0,0.0,0.0,0.0,0.0,0.0,4846.9554589442205,645.3231624721511,2919.493407407082
t171,0.0,0.0,0.0,0.0,0.0,0.0,0.0,5387.704686507013,645.3231624721511,2919.493407407082
t172,0.0,0.0,0.0,0.0,0.0,0.0,0.0,6698.367343211083,645.3231624721511,2919.493407407082
t173,0.0,0.0,0.0,0.0,0.0,0.0,0.0,8102.937562952801,762.4328479113317,2919.493407407082
t174,0.0,0.0,0.0,0.0,0.0,0.0,0.0,9626.813378242805,762.4328479113317,2919.493407407082
t175,0.0,0.0,0.0,0.0,0.0,0.0,0.0,8918.310421627388,508.2885652742212,2919.493407407082
t176,0.0,0.0,0.0,0.0,0.0,0.0,0.0,7569.175979362041,508.2885652742212,1869.5207867602123
t177,0.0,0.0,0.0,0.0,0.0,0.0,0.0,6139.676291017123,508.2885652742212,819.5481661133429
t178,0.0,0.0,0.0,0.0,0.0,0.0,0.0,4543.88247606678,508.2885652742212,129.7258305287717
t179,0.0,0.0,0.0,0.0,0.0,0.0,0.0,3837.186624973381,254.14428263711054,129.7258305287717
t180,0.0,0.0,0.0,0.0,0.0,0.0,0.0,3837.186624973381,254.14428263711054,0.0
t181,0.0,0.0,0.0,0.0,0.0,0.0,0.0,4346.159973371781,254.14428263711054,0.0
t182,0.0,0.0,0.0,0.0,0.0,0.0,0.0,4642.672143285254,254.14428263711054,0.0
t183,0.0,0.0,0.0,0.0,0.0,0.0,0.0,5046.353555422247,254.14428263711054,0.0
t184,0.0,0.0,0.0,0.0,0.0,0.0,0.0,5388.419943824177,254.14428263711054,0.0
t185,0.0,0.0,0.0,0.0,0.0,0.0,0.0,5100.560048837034,254.14428263711054,419.71317883762805
t186,0.0,0.0,0.0,0.0,0.0,0.0,0.0,3832.3989046469687,254.14428263711054,529.3951032100779
t187,0.0,0.0,0.0,0.0,0.0,0.0,0.0,1903.859647283184,254.14428263711054,793.7664442226194
t188,0.0,0.0,0.0,0.0,0.0,0.0,0.0,1903.859647283184,254.14428263711054,1203.5543512083161
t189,0.0,0.0,0.0,0.0,0.0,0.0,0.0,0.0,0.0,1197.6271317763203
t190,0.0,0.0,0.0,0.0,0.0,0.0,0.0,0.0,0.0,1041.1341223261702
t191,0.0,0.0,0.0,0.0,0.0,0.0,0.0,0.0,0.0,1800.2224317404894
t192,0.0,0.0,0.0,0.0,0.0,0.0,0.0,522.1279563418259,0.0,2688.919257856
t193,0.0,0.0,0.0,0.0,0.0,0.0,0.0,1785.6744244809638,0.0,3106.614300349338
t194,0.0,0.0,0.0,0.0,0.0,0.0,0.0,3207.503101881893,215.10772082405038,3995.3111264648323
t195,0.0,0.0,0.0,0.0,0.0,0.0,0.0,4943.754626526279,332.21740626323094,4703.3835871360925
t196,0.0,0.0,0.0,0.0,0.0,0.0,0.0,6680.006151170665,332.21740626323094,4961.392552660573
t197,0.0,0.0,0.0,0.0,0.0,0.0,0.0,8350.029086236313,547.3251270872813,4961.392552660573
t198,0.0,0.0,0.0,0.0,0.0,0.0,0.0,9626.813378242805,762.4328479113317,4961.392552660573
t199,0.0,0.0,0.0,0.0,0.0,0.0,0.0,9003.180024466752,508.2885652742212,3911.419932013703
t200,0.0,0.0,0.0,0.0,0.0,0.0,0.0,6951.843156975749,508.2885652742212,3911.419932013703
t201,0.0,0.0,0.0,0.0,0.0,0.0,0.0,6951.843156975749,508.2885652742212,3302.224266402539
t202,0.0,0.0,0.0,0.0,0.0,0.0,0.0,6951.843156975749,508.2885652742212,2808.8043574778076
t203,0.0,0.0,0.0,0.0,0.0,0.0,0.0,6951.843156975749,508.2885652742212,2808.8043574778076
t204,0.0,0.0,0.0,0.0,0.0,0.0,0.0,4900.506289484743,299.858601804568,2282.0692174226438
t205,0.0,0.0,0.0,0.0,0.0,0.0,0.0,4900.506289484743,299.858601804568,2282.0692174226438
t206,0.0,0.0,0.0,0.0,0.0,0.0,0.0,4900.506289484743,299.858601804568,2282.0692174226438
t207,0.0,0.0,0.0,0.0,0.0,0.0,0.0,4900.506289484743,299.858601804568,2282.0692174226438
t208,0.0,0.0,0.0,0.0,0.0,0.0,0.0,4900.506289484743,299.858601804568,2282.0692174226438
t209,0.0,0.0,0.0,0.0,0.0,0.0,0.0,2849.1694219937394,299.858601804568,2282.0692174226438
t210,0.0,0.0,0.0,0.0,0.0,0.0,0.0,2849.1694219937394,299.858601804568,2282.0692174226438
t211,0.0,0.0,0.0,0.0,0.0,0.0,0.0,2849.1694219937394,299.858601804568,2282.0692174226438
t212,0.0,0.0,0.0,0.0,0.0,0.0,0.0,2849.1694219937394,299.858601804568,2282.0692174226438
t213,0.0,0.0,0.0,0.0,0.0,0.0,0.0,2849.1694219937394,299.858601804568,2282.0692174226438
t214,0.0,0.0,0.0,0.0,0.0,0.0,0.0,2849.1694219937394,299.858601804568,2186.602428361699
t215,0.0,0.0,0.0,0.0,0.0,0.0,0.0,2849.1694219937394,299.858601804568,2186.602428361699
t216,0.0,0.0,0.0,0.0,0.0,0.0,0.0,2849.1694219937394,299.858601804568,2186.602428361699
t217,0.0,0.0,0.0,0.0,0.0,0.0,0.0,3848.2974006138306,299.858601804568,2186.602428361699
t218,0.0,0.0,0.0,0.0,0.0,0.0,0.0,4932.315554977132,299.858601804568,2186.602428361699
t219,0.0,0.0,0.0,0.0,0.0,0.0,0.0,6264.258757056949,299.858601804568,2186.602428361699
t220,0.0,0.0,0.0,0.0,0.0,0.0,0.0,7418.231804647693,299.858601804568,2186.602428361699
t221,0.0,0.0,0.0,0.0,0.0,0.0,0.0,6866.955698740826,299.858601804568,2186.602428361699
t222,0.0,0.0,0.0,0.0,0.0,0.0,0.0,6360.8287335702935,299.858601804568,2186.602428361699
t223,0.0,0.0,0.0,0.0,0.0,0.0,0.0,6360.8287335702935,299.858601804568,2186.602428361699
t224,0.0,0.0,0.0,0.0,0.0,0.0,0.0,4309.491866079289,45.71431916745752,1635.5173789089474
t225,0.0,0.0,0.0,0.0,0.0,0.0,0.0,4309.491866079289,45.71431916745752,1635.5173789089474
t226,0.0,0.0,0.0,0.0,0.0,0.0,0.0,4309.491866079289,45.71431916745752,1635.5173789089474
t227,0.0,0.0,0.0,0.0,0.0,0.0,0.0,4309.491866079289,45.71431916745752,1635.5173789089474
t228,0.0,0.0,0.0,0.0,0.0,0.0,0.0,4309.491866079289,45.71431916745752,1635.5173789089474
t229,0.0,0.0,0.0,0.0,0.0,0.0,0.0,2258.1549985882843,45.71431916745752,1049.9726206468695
t230,0.0,0.0,0.0,0.0,0.0,0.0,0.0,2258.1549985882843,45.71431916745752,1049.9726206468695
t231,0.0,0.0,0.0,0.0,0.0,0.0,0.0,2258.1549985882843,45.71431916745752,1049.9726206468695
t232,0.0,0.0,0.0,0.0,0.0,0.0,0.0,2258.1549985882843,45.71431916745752,1049.9726206468695
t233,0.0,0.0,0.0,0.0,0.0,0.0,0.0,2258.1549985882843,45.71431916745752,1049.9726206468695
t234,0.0,0.0,0.0,0.0,0.0,0.0,0.0,206.81813109727986,45.71431916745752,0.0
t235,0.0,0.0,0.0,0.0,0.0,0.0,0.0,206.81813109727986,45.71431916745752,0.0
t236,0.0,0.0,0.0,0.0,0.0,0.0,0.0,206.81813109727986,45.71431916745752,0.0
t237,0.0,0.0,0.0,0.0,0.0,0.0,0.0,0.0,45.71431916745752,0.0
t238,0.0,0.0,0.0,0.0,0.0,0.0,0.0,0.0,45.71431916745752,0.0
t239,0.0,0.0,0.0,0.0,0.0,0.0,0.0,0.0,45.71431916745752,0.0
t240,0.0,0.0,0.0,0.0,0.0,0.0,0.0,0.0,0.0,0.0
t241,0.0,0.0,0.0,0.0,0.0,0.0,0.0,945.5557550208746,0.0,167.0313525612936
t242,0.0,0.0,0.0,0.0,0.0,0.0,0.0,2681.807279665261,0.0,386.60899011250586
t243,0.0,0.0,0.0,0.0,0.0,0.0,0.0,4418.058804309647,117.10968543918054,1275.3058162280165
t244,0.0,0.0,0.0,0.0,0.0,0.0,0.0,6154.310328954032,332.21740626323094,2164.002642343527
t245,0.0,0.0,0.0,0.0,0.0,0.0,0.0,7890.561853598419,547.3251270872813,3052.6994684590372
t246,0.0,0.0,0.0,0.0,0.0,0.0,0.0,9626.813378242805,762.4328479113317,3941.396294574548
t247,0.0,0.0,0.0,0.0,0.0,0.0,0.0,9264.237868858569,508.28856527422107,3941.396294574548
t248,0.0,0.0,0.0,0.0,0.0,0.0,0.0,7240.538756878628,508.28856527422107,3941.396294574548
t249,0.0,0.0,0.0,0.0,0.0,0.0,0.0,6409.6643454026,254.14428263711054,3941.396294574548
t250,0.0,0.0,0.0,0.0,0.0,0.0,0.0,7345.3563821537455,254.14428263711054,3941.396294574548
t251,0.0,0.0,0.0,0.0,0.0,0.0,0.0,7772.482116298586,254.14428263711054,3941.396294574548
t252,0.0,0.0,0.0,0.0,0.0,0.0,0.0,7772.482116298586,254.14428263711054,3941.396294574548
t253,0.0,0.0,0.0,0.0,0.0,0.0,0.0,7772.482116298586,254.14428263711054,3941.396294574548
t254,0.0,0.0,0.0,0.0,0.0,0.0,0.0,6906.002066284319,254.14428263711054,3941.396294574548
t255,0.0,0.0,0.0,0.0,0.0,0.0,0.0,6906.002066284319,254.14428263711054,3941.396294574548
t256,0.0,0.0,0.0,0.0,0.0,0.0,0.0,6329.060737637862,254.14428263711054,3116.8016697830803
t257,0.0,0.0,0.0,0.0,0.0,0.0,0.0,4277.723870146858,254.14428263711054,3116.8016697830803
t258,0.0,0.0,0.0,0.0,0.0,0.0,0.0,4277.723870146858,254.14428263711054,2066.829049136211
t259,0.0,0.0,0.0,0.0,0.0,0.0,0.0,2226.3870026558534,0.0,1016.8564284893415
t260,0.0,0.0,0.0,0.0,0.0,0.0,0.0,175.0501351648488,0.0,1016.8564284893415
t261,0.0,0.0,0.0,0.0,0.0,0.0,0.0,175.0501351648488,0.0,1016.8564284893415
t262,0.0,0.0,0.0,0.0,0.0,0.0,0.0,0.0,0.0,1016.8564284893415
t263,0.0,0.0,0.0,0.0,0.0,0.0,0.0,0.0,0.0,1334.4948397525425
t264,0.0,0.0,0.0,0.0,0.0,0.0,0.0,767.5051607680463,0.0,1904.3920342602964
t265,0.0,0.0,0.0,0.0,0.0,0.0,0.0,2463.8999864250677,0.0,2352.484262739502
t266,0.0,0.0,0.0,0.0,0.0,0.0,0.0,4200.1515110694545,215.10772082405038,3241.181088855012
t267,0.0,0.0,0.0,0.0,0.0,0.0,0.0,5936.40303571384,430.21544164810075,4129.877914970523
t268,0.0,0.0,0.0,0.0,0.0,0.0,0.0,7132.649502893743,645.3231624721511,4961.392552660573
t269,0.0,0.0,0.0,0.0,0.0,0.0,0.0,8434.723894064184,762.4328479113317,4961.392552660573
t270,0.0,0.0,0.0,0.0,0.0,0.0,0.0,9626.813378242805,762.4328479113317,4961.392552660573
t271,0.0,0.0,0.0,0.0,0.0,0.0,0.0,7575.4765107518,508.2885652742212,4961.392552660573
t272,0.0,0.0,0.0,0.0,0.0,0.0,0.0,7575.4765107518,508.2885652742212,4180.489089984
t273,0.0,0.0,0.0,0.0,0.0,0.0,0.0,7575.4765107518,508.2885652742212,3130.516469337131
t274,0.0,0.0,0.0,0.0,0.0,0.0,0.0,6006.835030218486,508.2885652742212,2167.5934060805503
t275,0.0,0.0,0.0,0.0,0.0,0.0,0.0,6006.835030218486,508.2885652742212,2167.5934060805503
t276,0.0,0.0,0.0,0.0,0.0,0.0,0.0,6006.835030218486,508.2885652742212,2167.5934060805503
t277,0.0,0.0,0.0,0.0,0.0,0.0,0.0,6006.835030218486,508.2885652742212,2167.5934060805503
t278,0.0,0.0,0.0,0.0,0.0,0.0,0.0,6006.835030218486,508.2885652742212,2167.5934060805503
t279,0.0,0.0,0.0,0.0,0.0,0.0,0.0,4024.411291190224,508.2885652742212,2167.5934060805503
t280,0.0,0.0,0.0,0.0,0.0,0.0,0.0,4024.411291190224,508.2885652742212,2167.5934060805503
t281,0.0,0.0,0.0,0.0,0.0,0.0,0.0,4024.411291190224,508.2885652742212,2167.5934060805503
t282,0.0,0.0,0.0,0.0,0.0,0.0,0.0,3914.032844069993,508.2885652742212,1992.067981794573
t283,0.0,0.0,0.0,0.0,0.0,0.0,0.0,3648.8482758882883,508.2885652742212,1652.6708803855856
t284,0.0,0.0,0.0,0.0,0.0,0.0,0.0,3648.8482758882883,254.14428263711065,1300.8680403049966
t285,0.0,0.0,0.0,0.0,0.0,0.0,0.0,3648.8482758882883,254.14428263711065,1300.8680403049966
t286,0.0,0.0,0.0,0.0,0.0,0.0,0.0,3648.8482758882883,254.14428263711065,1300.8680403049966
t287,0.0,0.0,0.0,0.0,0.0,0.0,0.0,3648.8482758882883,254.14428263711065,1300.8680403049966
t288,0.0,0.0,0.0,0.0,0.0,0.0,0.0,3648.8482758882883,254.14428263711065,1300.8680403049966
t289,0.0,0.0,0.0,0.0,0.0,0.0,0.0,2983.2620234421024,254.14428263711065,1300.8680403049966
t290,0.0,0.0,0.0,0.0,0.0,0.0,0.0,2983.2620234421024,254.14428263711065,1676.6486964816422
t291,0.0,0.0,0.0,0.0,0.0,0.0,0.0,2983.2620234421024,254.14428263711065,2389.559798751225
t292,0.0,0.0,0.0,0.0,0.0,0.0,0.0,3004.3689577197765,254.14428263711065,3278.2566248667354
t293,0.0,0.0,0.0,0.0,0.0,0.0,0.0,3004.3689577197765,254.14428263711065,3769.8850930764197
t294,0.0,0.0,0.0,0.0,0.0,0.0,0.0,3527.715658321818,254.14428263711065,4658.581919191931
t295,0.0,0.0,0.0,0.0,0.0,0.0,0.0,3527.715658321818,254.14428263711065,4658.581919191931
t296,0.0,0.0,0.0,0.0,0.0,0.0,0.0,3527.715658321818,254.14428263711065,3688.7234033020018
t297,0.0,0.0,0.0,0.0,0.0,0.0,0.0,3527.715658321818,254.14428263711065,3688.7234033020018
t298,0.0,0.0,0.0,0.0,0.0,0.0,0.0,3527.715658321818,254.14428263711065,2880.409253447066
t299,0.0,0.0,0.0,0.0,0.0,0.0,0.0,3527.715658321818,254.14428263711065,1848.0202789064658
t300,0.0,0.0,0.0,0.0,0.0,0.0,0.0,3527.715658321818,254.14428263711065,934.8560928447513
t301,0.0,0.0,0.0,0.0,0.0,0.0,0.0,3527.715658321818,254.14428263711065,934.8560928447513
t302,0.0,0.0,0.0,0.0,0.0,0.0,0.0,3527.715658321818,254.14428263711065,934.8560928447513
t303,0.0,0.0,0.0,0.0,0.0,0.0,0.0,3527.715658321818,254.14428263711065,934.8560928447513
t304,0.0,0.0,0.0,0.0,0.0,0.0,0.0,1626.0423477977859,254.14428263711065,346.3441515850364
t305,0.0,0.0,0.0,0.0,0.0,0.0,0.0,1626.0423477977859,254.14428263711065,346.3441515850364
t306,0.0,0.0,0.0,0.0,0.0,0.0,0.0,1626.0423477977859,254.14428263711065,346.3441515850364
t307,0.0,0.0,0.0,0.0,0.0,0.0,0.0,1626.0423477977859,254.14428263711065,346.3441515850364
t308,0.0,0.0,0.0,0.0,0.0,0.0,0.0,1626.0423477977859,254.14428263711065,346.3441515850364
t309,0.0,0.0,0.0,0.0,0.0,0.0,0.0,1626.0423477977859,254.14428263711065,346.3441515850364
t310,0.0,0.0,0.0,0.0,0.0,0.0,0.0,1626.0423477977859,254.14428263711065,346.3441515850364
t311,0.0,0.0,0.0,0.0,0.0,0.0,0.0,1626.0423477977859,254.14428263711065,346.3441515850364
t312,0.0,0.0,0.0,0.0,0.0,0.0,0.0,1626.0423477977859,254.14428263711065,346.3441515850364
t313,0.0,0.0,0.0,0.0,0.0,0.0,0.0,1626.0423477977859,254.14428263711065,346.3441515850364
t314,0.0,0.0,0.0,0.0,0.0,0.0,0.0,1626.0423477977859,254.14428263711065,474.87760290929873
t315,0.0,0.0,0.0,0.0,0.0,0.0,0.0,1520.2788648830503,254.14428263711065,474.87760290929873
t316,0.0,0.0,0.0,0.0,0.0,0.0,0.0,1392.9925191370016,254.14428263711065,474.87760290929873
t317,0.0,0.0,0.0,0.0,0.0,0.0,0.0,1392.9925191370016,254.14428263711065,474.87760290929873
t318,0.0,0.0,0.0,0.0,0.0,0.0,0.0,1392.9925191370016,254.14428263711065,791.5107663648187
t319,0.0,0.0,0.0,0.0,0.0,0.0,0.0,997.792357373353,254.14428263711054,791.5107663648187
t320,0.0,0.0,0.0,0.0,0.0,0.0,0.0,997.792357373353,254.14428263711054,672.1494277745752
t321,0.0,0.0,0.0,0.0,0.0,0.0,0.0,585.6271982324663,254.14428263711054,504.63415108356725
t322,0.0,0.0,0.0,0.0,0.0,0.0,0.0,283.85887699408954,254.14428263711054,0.0
t323,0.0,0.0,0.0,0.0,0.0,0.0,0.0,283.85887699408954,254.14428263711054,0.0
t324,0.0,0.0,0.0,0.0,0.0,0.0,0.0,0.0,0.0,0.0
t325,0.0,0.0,0.0,0.0,0.0,0.0,0.0,520.6299758240211,0.0,0.0
t326,0.0,0.0,0.0,0.0,0.0,0.0,0.0,1153.5990602258023,0.0,0.0
t327,0.0,0.0,0.0,0.0,0.0,0.0,0.0,2621.158085912915,215.10772082405038,0.0
t328,0.0,0.0,0.0,0.0,0.0,0.0,0.0,3666.312792184647,430.21544164810075,888.6968261155105
t329,0.0,0.0,0.0,0.0,0.0,0.0,0.0,5010.119140945763,430.21544164810075,1777.393652231021
t330,0.0,0.0,0.0,0.0,0.0,0.0,0.0,5751.065900307155,430.21544164810075,1981.596477854829
t331,0.0,0.0,0.0,0.0,0.0,0.0,0.0,6202.319915557818,430.21544164810075,2461.433832825558
t332,0.0,0.0,0.0,0.0,0.0,0.0,0.0,6802.7830394432385,645.3231624721511,2919.493407407082
t333,0.0,0.0,0.0,0.0,0.0,0.0,0.0,6503.69621512681,645.3231624721511,2919.493407407082
t334,0.0,0.0,0.0,0.0,0.0,0.0,0.0,5595.709899777698,645.3231624721511,2919.493407407082
t335,0.0,0.0,0.0,0.0,0.0,0.0,0.0,4844.219702627508,645.3231624721511,2919.493407407082
t336,0.0,0.0,0.0,0.0,0.0,0.0,0.0,4642.811664316376,645.3231624721511,2919.493407407082
t337,0.0,0.0,0.0,0.0,0.0,0.0,0.0,339.02280525803957,0.0,888.6968261155105
t338,0.0,0.0,0.0,0.0,0.0,0.0,0.0,1507.1110107237298,0.0,1777.393652231021
t339,0.0,0.0,0.0,0.0,0.0,0.0,0.0,2939.8947096277316,0.0,2365.378265381607
t340,0.0,0.0,0.0,0.0,0.0,0.0,0.0,4486.810261924186,215.10772082405038,2876.2713803285233
t341,0.0,0.0,0.0,0.0,0.0,0.0,0.0,5774.711420477355,332.21740626323094,2876.2713803285233
t342,0.0,0.0,0.0,0.0,0.0,0.0,0.0,6604.037235441951,332.21740626323094,2876.2713803285233
t343,0.0,0.0,0.0,0.0,0.0,0.0,0.0,5549.497442284878,332.21740626323094,2546.6337183622254
t344,0.0,0.0,0.0,0.0,0.0,0.0,0.0,5549.497442284878,332.21740626323094,2546.6337183622254
t345,0.0,0.0,0.0,0.0,0.0,0.0,0.0,5549.497442284878,332.21740626323094,2546.6337183622254
t346,0.0,0.0,0.0,0.0,0.0,0.0,0.0,5549.497442284878,332.21740626323094,2546.6337183622254
t347,0.0,0.0,0.0,0.0,0.0,0.0,0.0,4650.410533720994,332.21740626323094,1496.6610977153562
t348,0.0,0.0,0.0,0.0,0.0,0.0,0.0,4650.410533720994,332.21740626323094,1496.6610977153562
t349,0.0,0.0,0.0,0.0,0.0,0.0,0.0,4650.410533720994,332.21740626323094,1496.6610977153562
t350,0.0,0.0,0.0,0.0,0.0,0.0,0.0,4650.410533720994,332.21740626323094,1496.6610977153562
t351,0.0,0.0,0.0,0.0,0.0,0.0,0.0,4650.410533720994,332.21740626323094,1496.6610977153562
t352,0.0,0.0,0.0,0.0,0.0,0.0,0.0,4650.410533720994,332.21740626323094,1496.6610977153562
t353,0.0,0.0,0.0,0.0,0.0,0.0,0.0,4650.410533720994,332.21740626323094,1496.6610977153562
t354,0.0,0.0,0.0,0.0,0.0,0.0,0.0,4650.410533720994,332.21740626323094,1496.6610977153562
t355,0.0,0.0,0.0,0.0,0.0,0.0,0.0,3264.476553491286,332.21740626323094,1496.6610977153562
t356,0.0,0.0,0.0,0.0,0.0,0.0,0.0,2646.6436201305924,332.21740626323094,1496.6610977153562
t357,0.0,0.0,0.0,0.0,0.0,0.0,0.0,2646.6436201305924,332.21740626323094,1496.6610977153562
t358,0.0,0.0,0.0,0.0,0.0,0.0,0.0,2646.6436201305924,332.21740626323094,1780.285712268304
t359,0.0,0.0,0.0,0.0,0.0,0.0,0.0,2646.6436201305924,332.21740626323094,2243.052066563699
t360,0.0,0.0,0.0,0.0,0.0,0.0,0.0,2646.6436201305924,332.21740626323094,2931.3255802246294
t361,0.0,0.0,0.0,0.0,0.0,0.0,0.0,3424.783977721315,547.3251270872813,3820.02240634014
t362,0.0,0.0,0.0,0.0,0.0,0.0,0.0,5039.491167503739,547.3251270872813,4555.618841040602
t363,0.0,0.0,0.0,0.0,0.0,0.0,0.0,6775.742692148125,762.4328479113317,4961.392552660573
t364,0.0,0.0,0.0,0.0,0.0,0.0,0.0,8341.835736676268,762.4328479113317,4961.392552660573
t365,0.0,0.0,0.0,0.0,0.0,0.0,0.0,8915.577688456024,762.4328479113317,4961.392552660573
t366,0.0,0.0,0.0,0.0,0.0,0.0,0.0,9626.813378242805,762.4328479113317,4961.392552660573
t367,0.0,0.0,0.0,0.0,0.0,0.0,0.0,9626.813378242805,762.4328479113317,4961.392552660573
t368,0.0,0.0,0.0,0.0,0.0,0.0,0.0,9626.813378242805,762.4328479113317,4961.392552660573
t369,0.0,0.0,0.0,0.0,0.0,0.0,0.0,9626.813378242805,762.4328479113317,4961.392552660573
t370,0.0,0.0,0.0,0.0,0.0,0.0,0.0,9626.813378242805,762.4328479113317,4961.392552660573
t371,0.0,0.0,0.0,0.0,0.0,0.0,0.0,9626.813378242805,762.4328479113317,4961.392552660573
t372,0.0,0.0,0.0,0.0,0.0,0.0,0.0,9626.813378242805,762.4328479113317,4961.392552660573
t373,0.0,0.0,0.0,0.0,0.0,0.0,0.0,9626.813378242805,762.4328479113317,4961.392552660573
t374,0.0,0.0,0.0,0.0,0.0,0.0,0.0,9626.813378242805,762.4328479113317,4961.392552660573
t375,0.0,0.0,0.0,0.0,0.0,0.0,0.0,9626.813378242805,762.4328479113317,4961.392552660573
t376,0.0,0.0,0.0,0.0,0.0,0.0,0.0,9626.813378242805,762.4328479113317,4961.392552660573
t377,0.0,0.0,0.0,0.0,0.0,0.0,0.0,9508.800946933174,762.4328479113317,4961.392552660573
t378,0.0,0.0,0.0,0.0,0.0,0.0,0.0,8001.242246222045,762.4328479113317,4961.392552660573
t379,0.0,0.0,0.0,0.0,0.0,0.0,0.0,5949.90537873104,762.4328479113317,4434.081260298382
t380,0.0,0.0,0.0,0.0,0.0,0.0,0.0,4509.302925451319,762.4328479113317,4434.081260298382
t381,0.0,0.0,0.0,0.0,0.0,0.0,0.0,4415.737328764272,762.4328479113317,4434.081260298382
t382,0.0,0.0,0.0,0.0,0.0,0.0,0.0,4418.058804309647,762.4328479113317,4960.536569075297
t383,0.0,0.0,0.0,0.0,0.0,0.0,0.0,6154.310328954032,762.4328479113317,4960.536569075297
t384,0.0,0.0,0.0,0.0,0.0,0.0,0.0,6154.310328954032,762.4328479113317,4960.536569075297
t385,0.0,0.0,0.0,0.0,0.0,0.0,0.0,6154.310328954032,762.4328479113317,4960.536569075297
t386,0.0,0.0,0.0,0.0,0.0,0.0,0.0,6154.310328954032,762.4328479113317,4960.536569075297
t387,0.0,0.0,0.0,0.0,0.0,0.0,0.0,7890.561853598419,762.4328479113317,4961.392552660573
t388,0.0,0.0,0.0,0.0,0.0,0.0,0.0,7890.561853598419,762.4328479113317,4961.392552660573
t389,0.0,0.0,0.0,0.0,0.0,0.0,0.0,9626.813378242805,762.4328479113317,4961.392552660573
t390,0.0,0.0,0.0,0.0,0.0,0.0,0.0,9626.813378242805,762.4328479113317,4961.392552660573
t391,0.0,0.0,0.0,0.0,0.0,0.0,0.0,9626.813378242805,762.4328479113317,4961.392552660573
t392,0.0,0.0,0.0,0.0,0.0,0.0,0.0,9626.813378242805,762.4328479113317,4575.561761328929
t393,0.0,0.0,0.0,0.0,0.0,0.0,0.0,9626.813378242805,762.4328479113317,3731.3782137720527
t394,0.0,0.0,0.0,0.0,0.0,0.0,0.0,8526.585744536482,762.4328479113317,3731.3782137720527
t395,0.0,0.0,0.0,0.0,0.0,0.0,0.0,7815.170108649806,762.4328479113317,3331.0778477226722
t396,0.0,0.0,0.0,0.0,0.0,0.0,0.0,7815.170108649806,762.4328479113317,2384.600391961402
t397,0.0,0.0,0.0,0.0,0.0,0.0,0.0,7684.286801700142,762.4328479113317,1334.6277713145325
t398,0.0,0.0,0.0,0.0,0.0,0.0,0.0,7684.286801700142,762.4328479113317,693.890770222628
t399,0.0,0.0,0.0,0.0,0.0,0.0,0.0,6154.010602473013,762.4328479113317,693.890770222628
t400,0.0,0.0,0.0,0.0,0.0,0.0,0.0,4102.673734982009,762.4328479113317,693.890770222628
t401,0.0,0.0,0.0,0.0,0.0,0.0,0.0,4102.673734982009,762.4328479113317,693.890770222628
t402,0.0,0.0,0.0,0.0,0.0,0.0,0.0,2051.3368674910043,762.4328479113317,693.890770222628
t403,0.0,0.0,0.0,0.0,0.0,0.0,0.0,0.0,762.4328479113317,0.0
t404,0.0,0.0,0.0,0.0,0.0,0.0,0.0,0.0,762.4328479113317,0.0
t405,0.0,0.0,0.0,0.0,0.0,0.0,0.0,0.0,762.4328479113317,0.0
t406,0.0,0.0,0.0,0.0,0.0,0.0,0.0,0.0,762.4328479113317,0.0
t407,0.0,0.0,0.0,0.0,0.0,0.0,0.0,265.05381512988913,762.4328479113317,0.0
t408,0.0,0.0,0.0,0.0,0.0,0.0,0.0,982.113131747435,762.4328479113317,888.6968261155105
t409,0.0,0.0,0.0,0.0,0.0,0.0,0.0,2718.364656391821,762.4328479113317,1777.393652231021
t410,0.0,0.0,0.0,0.0,0.0,0.0,0.0,3241.9582019505265,762.4328479113317,1777.393652231021
t411,0.0,0.0,0.0,0.0,0.0,0.0,0.0,3864.406349132169,762.4328479113317,2076.534817879616
t412,0.0,0.0,0.0,0.0,0.0,0.0,0.0,5600.657873776555,762.4328479113317,2965.231643995127
t413,0.0,0.0,0.0,0.0,0.0,0.0,0.0,7336.909398420941,762.4328479113317,3853.928470110637
t414,0.0,0.0,0.0,0.0,0.0,0.0,0.0,7336.909398420941,762.4328479113317,4429.46278877632
t415,0.0,0.0,0.0,0.0,0.0,0.0,0.0,9073.160923065327,762.4328479113317,4429.46278877632
t416,0.0,0.0,0.0,0.0,0.0,0.0,0.0,9073.160923065327,762.4328479113317,4429.46278877632
t417,0.0,0.0,0.0,0.0,0.0,0.0,0.0,9073.160923065327,762.4328479113317,4069.1427444724013
t418,0.0,0.0,0.0,0.0,0.0,0.0,0.0,9510.932209009292,762.4328479113317,4162.786499322385
t419,0.0,0.0,0.0,0.0,0.0,0.0,0.0,9510.932209009292,762.4328479113317,4162.786499322385
t420,0.0,0.0,0.0,0.0,0.0,0.0,0.0,9510.932209009292,762.4328479113317,4162.786499322385
t421,0.0,0.0,0.0,0.0,0.0,0.0,0.0,9510.932209009292,762.4328479113317,4162.786499322385
t422,0.0,0.0,0.0,0.0,0.0,0.0,0.0,9626.813378242805,762.4328479113317,4961.392552660573
t423,0.0,0.0,0.0,0.0,0.0,0.0,0.0,9255.406454860447,510.57839230463674,4961.392552660573
t424,0.0,0.0,0.0,0.0,0.0,0.0,0.0,8905.546749446674,341.2997825175683,3911.419932013703
t425,0.0,0.0,0.0,0.0,0.0,0.0,0.0,7009.6105180955155,197.74093285801695,2861.4473113668337
t426,0.0,0.0,0.0,0.0,0.0,0.0,0.0,4958.273650604511,170.32114210785943,2861.4473113668337
t427,0.0,0.0,0.0,0.0,0.0,0.0,0.0,2906.9367831135064,318.4936325765664,1811.4746907199642
t428,0.0,0.0,0.0,0.0,0.0,0.0,0.0,855.5999156225021,318.4936325765664,1497.9621530099903
t429,0.0,0.0,0.0,0.0,0.0,0.0,0.0,0.0,318.4936325765664,447.98953236312065
t430,0.0,0.0,0.0,0.0,0.0,0.0,0.0,0.0,318.4936325765664,0.0
t431,0.0,0.0,0.0,0.0,0.0,0.0,0.0,0.0,318.4936325765664,0.0
t432,0.0,0.0,0.0,0.0,0.0,0.0,0.0,556.0364734406774,533.6013534006167,0.0
t433,0.0,0.0,0.0,0.0,0.0,0.0,0.0,1347.0812368026666,533.6013534006167,888.6968261155105
t434,0.0,0.0,0.0,0.0,0.0,0.0,0.0,2695.647770532308,533.6013534006167,1777.393652231021
t435,0.0,0.0,0.0,0.0,0.0,0.0,0.0,4366.9680732127035,533.6013534006167,2666.090478346531
t436,0.0,0.0,0.0,0.0,0.0,0.0,0.0,4418.058804309647,533.6013534006167,2666.090478346531
t437,0.0,0.0,0.0,0.0,0.0,0.0,0.0,6154.310328954032,748.7090742246671,3554.787304462042
t438,0.0,0.0,0.0,0.0,0.0,0.0,0.0,7890.561853598419,748.7090742246671,4443.484130577552
t439,0.0,0.0,0.0,0.0,0.0,0.0,0.0,9626.813378242805,748.7090742246671,4961.392552660573
t440,0.0,0.0,0.0,0.0,0.0,0.0,0.0,9626.813378242805,748.7090742246671,4961.392552660573
t441,0.0,0.0,0.0,0.0,0.0,0.0,0.0,9614.420245655263,748.7090742246671,3911.419932013703
t442,0.0,0.0,0.0,0.0,0.0,0.0,0.0,8986.096421440832,762.4328479113317,2861.4473113668337
t443,0.0,0.0,0.0,0.0,0.0,0.0,0.0,7787.835949238801,731.795705822742,1811.4746907199642
t444,0.0,0.0,0.0,0.0,0.0,0.0,0.0,7787.835949238801,514.1566178679122,761.5020700730946
t445,0.0,0.0,0.0,0.0,0.0,0.0,0.0,6154.010602473013,260.0123352308016,425.26523416298903
t446,0.0,0.0,0.0,0.0,0.0,0.0,0.0,6154.010602473013,260.0123352308016,425.26523416298903
t447,0.0,0.0,0.0,0.0,0.0,0.0,0.0,4102.673734982009,9.573314637606023,425.26523416298903
t448,0.0,0.0,0.0,0.0,0.0,0.0,0.0,4102.673734982009,9.573314637606023,0.0
t449,0.0,0.0,0.0,0.0,0.0,0.0,0.0,4102.673734982009,9.573314637606023,0.0
t450,0.0,0.0,0.0,0.0,0.0,0.0,0.0,2051.3368674910043,0.0,0.0
t451,0.0,0.0,0.0,0.0,0.0,0.0,0.0,2051.3368674910043,0.0,0.0
t452,0.0,0.0,0.0,0.0,0.0,0.0,0.0,0.0,0.0,0.0
t453,0.0,0.0,0.0,0.0,0.0,0.0,0.0,0.0,0.0,0.0
t454,0.0,0.0,0.0,0.0,0.0,0.0,0.0,0.0,0.0,0.0
t455,0.0,0.0,0.0,0.0,0.0,0.0,0.0,0.0,0.0,0.0
t456,0.0,0.0,0.0,0.0,0.0,0.0,0.0,0.0,0.0,0.0
t457,0.0,0.0,0.0,0.0,0.0,0.0,0.0,361.7299494475368,0.0,888.6968261155105
t458,0.0,0.0,0.0,0.0,0.0,0.0,0.0,1251.6348230709725,0.0,1777.393652231021
t459,0.0,0.0,0.0,0.0,0.0,0.0,0.0,2987.8863477153586,0.0,1777.393652231021
t460,0.0,0.0,0.0,0.0,0.0,0.0,0.0,4724.137872359745,0.0,2666.090478346531
t461,0.0,0.0,0.0,0.0,0.0,0.0,0.0,4928.266477291975,0.0,3183.998900429551
t462,0.0,0.0,0.0,0.0,0.0,0.0,0.0,6664.5180019363615,0.0,4072.695726545062
t463,0.0,0.0,0.0,0.0,0.0,0.0,0.0,8400.769526580747,0.0,4961.392552660573
t464,0.0,0.0,0.0,0.0,0.0,0.0,0.0,9626.813378242805,0.0,4961.392552660573
t465,0.0,0.0,0.0,0.0,0.0,0.0,0.0,9626.813378242805,0.0,4961.392552660573
t466,0.0,0.0,0.0,0.0,0.0,0.0,0.0,9626.813378242805,0.0,4841.4260015861555
t467,0.0,0.0,0.0,0.0,0.0,0.0,0.0,9626.813378242805,0.0,4206.280876977603
t468,0.0,0.0,0.0,0.0,0.0,0.0,0.0,9408.890865823536,0.0,3156.3082563307335
t469,0.0,0.0,0.0,0.0,0.0,0.0,0.0,9222.866991837956,0.0,2106.3356356838644
t470,0.0,0.0,0.0,0.0,0.0,0.0,0.0,9222.866991837956,0.0,2063.975879707846
t471,0.0,0.0,0.0,0.0,0.0,0.0,0.0,8824.396618499937,0.0,2063.975879707846
t472,0.0,0.0,0.0,0.0,0.0,0.0,0.0,7463.139751430104,0.0,2063.975879707846
t473,0.0,0.0,0.0,0.0,0.0,0.0,0.0,7463.139751430104,0.0,2063.975879707846
t474,0.0,0.0,0.0,0.0,0.0,0.0,0.0,5411.802883939099,0.0,2063.975879707846
t475,0.0,0.0,0.0,0.0,0.0,0.0,0.0,5411.802883939099,0.0,1925.9544066477436
t476,0.0,0.0,0.0,0.0,0.0,0.0,0.0,4451.493528780718,0.0,1826.706649697931
t477,0.0,0.0,0.0,0.0,0.0,0.0,0.0,2400.156661289713,0.0,1826.706649697931
t478,0.0,0.0,0.0,0.0,0.0,0.0,0.0,2400.156661289713,0.0,1826.706649697931
t479,0.0,0.0,0.0,0.0,0.0,0.0,0.0,2400.156661289713,0.0,1826.706649697931
t480,0.0,0.0,0.0,0.0,0.0,0.0,0.0,2400.156661289713,0.0,1826.706649697931
t481,0.0,0.0,0.0,0.0,0.0,0.0,0.0,2400.156661289713,0.0,1826.706649697931
t482,0.0,0.0,0.0,0.0,0.0,0.0,0.0,2630.7374213177814,0.0,2713.421352987981
t483,0.0,0.0,0.0,0.0,0.0,0.0,0.0,2917.0862486465962,0.0,3602.118179103492
t484,0.0,0.0,0.0,0.0,0.0,0.0,0.0,3801.787008674665,0.0,3805.776138251582
t485,0.0,0.0,0.0,0.0,0.0,0.0,0.0,4832.767768702733,0.0,4040.7869341318897
t486,0.0,0.0,0.0,0.0,0.0,0.0,0.0,6503.389016999054,0.0,4383.55441032103
t487,0.0,0.0,0.0,0.0,0.0,0.0,0.0,7728.626467161842,0.0,4383.55441032103
t488,0.0,0.0,0.0,0.0,0.0,0.0,0.0,7728.626467161842,0.0,4961.392552660573
t489,0.0,0.0,0.0,0.0,0.0,0.0,0.0,7855.815573754626,0.0,4961.392552660573
t490,0.0,0.0,0.0,0.0,0.0,0.0,0.0,7855.815573754626,0.0,4529.947633042115
t491,0.0,0.0,0.0,0.0,0.0,0.0,0.0,7855.815573754626,0.0,3919.4637788421937
t492,0.0,0.0,0.0,0.0,0.0,0.0,0.0,6154.010602473013,9.706302969996775,3424.4884701723663
t493,0.0,0.0,0.0,0.0,0.0,0.0,0.0,6154.010602473013,9.706302969996775,2374.515849525497
t494,0.0,0.0,0.0,0.0,0.0,0.0,0.0,6154.010602473013,9.706302969996775,2374.515849525497
t495,0.0,0.0,0.0,0.0,0.0,0.0,0.0,6154.010602473013,0.0,2374.515849525497
t496,0.0,0.0,0.0,0.0,0.0,0.0,0.0,4102.673734982009,0.0,1911.1801259025312
t497,0.0,0.0,0.0,0.0,0.0,0.0,0.0,2051.3368674910043,0.0,1911.1801259025312
t498,0.0,0.0,0.0,0.0,0.0,0.0,0.0,2051.3368674910043,0.0,1827.038442893932
t499,0.0,0.0,0.0,0.0,0.0,0.0,0.0,2051.3368674910043,0.0,1649.3443982455158
t500,0.0,0.0,0.0,0.0,0.0,0.0,0.0,2051.3368674910043,0.0,1649.3443982455158
t501,0.0,0.0,0.0,0.0,0.0,0.0,0.0,2051.3368674910043,0.0,1040.9703242467021
t502,0.0,0.0,0.0,0.0,0.0,0.0,0.0,0.0,0.0,0.0
t503,0.0,0.0,0.0,0.0,0.0,0.0,0.0,0.0,0.0,0.0
t504,0.0,0.0,0.0,0.0,0.0,0.0,0.0,0.0,0.0,0.0
t505,0.0,0.0,0.0,0.0,0.0,0.0,0.0,9626.813378242805,547.3251270872813,4961.392552660573
t506,0.0,0.0,0.0,0.0,0.0,0.0,0.0,9626.813378242805,547.3251270872813,4961.392552660573
t507,0.0,0.0,0.0,0.0,0.0,0.0,0.0,9626.813378242805,547.3251270872813,4961.392552660573
t508,0.0,0.0,0.0,0.0,0.0,0.0,0.0,9626.813378242805,547.3251270872813,4961.392552660573
t509,0.0,0.0,0.0,0.0,0.0,0.0,0.0,9626.813378242805,547.3251270872813,4961.392552660573
t510,0.0,0.0,0.0,0.0,0.0,0.0,0.0,9626.813378242805,547.3251270872813,4961.392552660573
t511,0.0,0.0,0.0,0.0,0.0,0.0,0.0,9626.813378242805,547.3251270872813,4961.392552660573
t512,0.0,0.0,0.0,0.0,0.0,0.0,0.0,9626.813378242805,547.3251270872813,4961.392552660573
t513,0.0,0.0,0.0,0.0,0.0,0.0,0.0,9626.813378242805,547.3251270872813,4961.392552660573
t514,0.0,0.0,0.0,0.0,0.0,0.0,0.0,9626.813378242805,547.3251270872813,4961.392552660573
t515,0.0,0.0,0.0,0.0,0.0,0.0,0.0,9626.813378242805,762.4328479113317,4961.392552660573
t516,0.0,0.0,0.0,0.0,0.0,0.0,0.0,9626.813378242805,762.4328479113317,4961.392552660573
t517,0.0,0.0,0.0,0.0,0.0,0.0,0.0,9626.813378242805,762.4328479113317,4961.392552660573
t518,0.0,0.0,0.0,0.0,0.0,0.0,0.0,9626.813378242805,762.4328479113317,4961.392552660573
t519,0.0,0.0,0.0,0.0,0.0,0.0,0.0,9626.813378242805,588.3149693696362,4961.392552660573
t520,0.0,0.0,0.0,0.0,0.0,0.0,0.0,9626.813378242805,619.4734887881226,4078.5580660191945
t521,0.0,0.0,0.0,0.0,0.0,0.0,0.0,8178.841405702587,547.3251270872813,4078.5580660191945
t522,0.0,0.0,0.0,0.0,0.0,0.0,0.0,6736.88416599344,762.4328479113317,3028.5854453723273
t523,0.0,0.0,0.0,0.0,0.0,0.0,0.0,4685.547298502435,508.28856527422107,1978.6128247254578
t524,0.0,0.0,0.0,0.0,0.0,0.0,0.0,2634.210431011431,254.14428263711054,1029.8552862624097
t525,0.0,0.0,0.0,0.0,0.0,0.0,0.0,1199.3022735701627,0.0,110.0342278742532
t526,0.0,0.0,0.0,0.0,0.0,0.0,0.0,0.0,0.0,0.0
t527,0.0,0.0,0.0,0.0,0.0,0.0,0.0,0.0,169.87871179195514,0.0
t528,0.0,0.0,0.0,0.0,0.0,0.0,0.0,0.0,169.87871179195514,200.6296878510151
t529,0.0,0.0,0.0,0.0,0.0,0.0,0.0,91.15480382847285,169.87871179195514,200.6296878510151
t530,0.0,0.0,0.0,0.0,0.0,0.0,0.0,1827.406328472859,384.9864326160055,200.6296878510151
t531,0.0,0.0,0.0,0.0,0.0,0.0,0.0,1827.406328472859,384.9864326160055,200.6296878510151
t532,0.0,0.0,0.0,0.0,0.0,0.0,0.0,1995.4270885009278,384.9864326160055,406.34423669317385
t533,0.0,0.0,0.0,0.0,0.0,0.0,0.0,2142.2878485289953,384.9864326160055,820.4481539643008
t534,0.0,0.0,0.0,0.0,0.0,0.0,0.0,2142.2878485289953,384.9864326160055,943.1887766732762
t535,0.0,0.0,0.0,0.0,0.0,0.0,0.0,3878.539373173381,600.094153440056,1831.8856027887866
t536,0.0,0.0,0.0,0.0,0.0,0.0,0.0,3878.539373173381,600.094153440056,1831.8856027887866
t537,0.0,0.0,0.0,0.0,0.0,0.0,0.0,3878.539373173381,600.094153440056,1831.8856027887866
t538,0.0,0.0,0.0,0.0,0.0,0.0,0.0,3878.539373173381,413.700519311707,1831.8856027887866
t539,0.0,0.0,0.0,0.0,0.0,0.0,0.0,5490.655202692085,159.55623667459653,1831.8856027887866
t540,0.0,0.0,0.0,0.0,0.0,0.0,0.0,6933.519266891845,0.0,1831.8856027887866
t541,0.0,0.0,0.0,0.0,0.0,0.0,0.0,6933.519266891845,88.2304936599475,1831.8856027887866
t542,0.0,0.0,0.0,0.0,0.0,0.0,0.0,6933.519266891845,303.3382144839979,1876.8865716598473
t543,0.0,0.0,0.0,0.0,0.0,0.0,0.0,7193.859164024064,303.3382144839979,1876.8865716598473
t544,0.0,0.0,0.0,0.0,0.0,0.0,0.0,6959.765167355327,303.3382144839979,1408.29638616293
t545,0.0,0.0,0.0,0.0,0.0,0.0,0.0,5830.75963015987,495.3073889648488,547.9243428345256
t546,0.0,0.0,0.0,0.0,0.0,0.0,0.0,3779.4227626688657,495.3073889648488,52.340204020048674
t547,0.0,0.0,0.0,0.0,0.0,0.0,0.0,1728.0858951778612,241.1631063277383,0.0
t548,0.0,0.0,0.0,0.0,0.0,0.0,0.0,552.893222275096,0.0,0.0
t549,0.0,0.0,0.0,0.0,0.0,0.0,0.0,0.0,0.0,0.0
t550,0.0,0.0,0.0,0.0,0.0,0.0,0.0,0.0,215.10772082405038,0.0
t551,0.0,0.0,0.0,0.0,0.0,0.0,0.0,0.0,215.10772082405038,0.0
t552,0.0,0.0,0.0,0.0,0.0,0.0,0.0,0.0,215.10772082405038,0.0
t553,0.0,0.0,0.0,0.0,0.0,0.0,0.0,461.83420306393924,215.10772082405038,257.8569511533632
t554,0.0,0.0,0.0,0.0,0.0,0.0,0.0,2198.0857277083255,332.21740626323094,436.5910444044162
t555,0.0,0.0,0.0,0.0,0.0,0.0,0.0,3934.3372523527114,547.3251270872813,1076.9131715640792
t556,0.0,0.0,0.0,0.0,0.0,0.0,0.0,5323.822835999639,547.3251270872813,1965.6099976795897
t557,0.0,0.0,0.0,0.0,0.0,0.0,0.0,6775.700653308612,547.3251270872813,1965.6099976795897
t558,0.0,0.0,0.0,0.0,0.0,0.0,0.0,7366.703332539931,547.3251270872813,1965.6099976795897
t559,0.0,0.0,0.0,0.0,0.0,0.0,0.0,7407.112605762671,762.4328479113317,1965.6099976795897
t560,0.0,0.0,0.0,0.0,0.0,0.0,0.0,5355.775738271666,762.4328479113317,1687.1676553013724
t561,0.0,0.0,0.0,0.0,0.0,0.0,0.0,5355.775738271666,732.8877000994435,1083.6564909651374
t562,0.0,0.0,0.0,0.0,0.0,0.0,0.0,5355.775738271666,478.74341746233296,918.0698356330159
t563,0.0,0.0,0.0,0.0,0.0,0.0,0.0,5355.775738271666,224.59913482522245,389.61836044093053
t564,0.0,0.0,0.0,0.0,0.0,0.0,0.0,4102.673734982009,224.59913482522245,389.61836044093053
t565,0.0,0.0,0.0,0.0,0.0,0.0,0.0,2051.3368674910043,138.7523504256964,0.0
t566,0.0,0.0,0.0,0.0,0.0,0.0,0.0,2051.3368674910043,236.53178149775403,0.0
t567,0.0,0.0,0.0,0.0,0.0,0.0,0.0,2051.3368674910043,451.6395023218044,0.0
t568,0.0,0.0,0.0,0.0,0.0,0.0,0.0,2051.3368674910043,463.98019714199023,0.0
t569,0.0,0.0,0.0,0.0,0.0,0.0,0.0,2051.3368674910043,254.14428263711054,0.0
t570,0.0,0.0,0.0,0.0,0.0,0.0,0.0,0.0,0.0,0.0
t571,0.0,0.0,0.0,0.0,0.0,0.0,0.0,0.0,0.0,0.0
t572,0.0,0.0,0.0,0.0,0.0,0.0,0.0,0.0,0.0,0.0
t573,0.0,0.0,0.0,0.0,0.0,0.0,0.0,0.0,0.0,0.0
t574,0.0,0.0,0.0,0.0,0.0,0.0,0.0,0.0,0.0,38.00038124560601
t575,0.0,0.0,0.0,0.0,0.0,0.0,0.0,117.3222015417663,0.0,926.6972073611165
t576,0.0,0.0,0.0,0.0,0.0,0.0,0.0,1107.0807578447923,0.0,926.6972073611165
t577,0.0,0.0,0.0,0.0,0.0,0.0,0.0,1107.0807578447923,0.0,926.6972073611165
t578,0.0,0.0,0.0,0.0,0.0,0.0,0.0,2508.8758070147746,0.0,926.6972073611165
t579,0.0,0.0,0.0,0.0,0.0,0.0,0.0,2508.8758070147746,0.0,926.6972073611165
t580,0.0,0.0,0.0,0.0,0.0,0.0,0.0,4245.1273316591605,0.0,926.6972073611165
t581,0.0,0.0,0.0,0.0,0.0,0.0,0.0,4245.1273316591605,0.0,926.6972073611165
t582,0.0,0.0,0.0,0.0,0.0,0.0,0.0,4245.1273316591605,0.0,926.6972073611165
t583,0.0,0.0,0.0,0.0,0.0,0.0,0.0,4245.1273316591605,0.0,926.6972073611165
t584,0.0,0.0,0.0,0.0,0.0,0.0,0.0,4185.597443070918,0.0,914.4322618263959
t585,0.0,0.0,0.0,0.0,0.0,0.0,0.0,4185.597443070918,0.0,735.4709435011055
t586,0.0,0.0,0.0,0.0,0.0,0.0,0.0,4408.268016102659,0.0,735.4709435011055
t587,0.0,0.0,0.0,0.0,0.0,0.0,0.0,4408.268016102659,0.0,735.4709435011055
t588,0.0,0.0,0.0,0.0,0.0,0.0,0.0,5247.401864401959,0.0,1624.167769616616
t589,0.0,0.0,0.0,0.0,0.0,0.0,0.0,5247.401864401959,0.0,1624.167769616616
t590,0.0,0.0,0.0,0.0,0.0,0.0,0.0,6177.603219306011,0.0,2512.8645957321264
t591,0.0,0.0,0.0,0.0,0.0,0.0,0.0,6177.603219306011,0.0,2512.8645957321264
t592,0.0,0.0,0.0,0.0,0.0,0.0,0.0,6177.603219306011,0.0,2512.8645957321264
t593,0.0,0.0,0.0,0.0,0.0,0.0,0.0,6177.603219306011,0.0,2512.8645957321264
t594,0.0,0.0,0.0,0.0,0.0,0.0,0.0,6177.603219306011,0.0,2512.8645957321264
t595,0.0,0.0,0.0,0.0,0.0,0.0,0.0,6093.808435872163,0.0,2512.8645957321264
t596,0.0,0.0,0.0,0.0,0.0,0.0,0.0,4393.573890084935,0.0,2512.8645957321264
t597,0.0,0.0,0.0,0.0,0.0,0.0,0.0,4617.219196036124,0.0,2512.8645957321264
t598,0.0,0.0,0.0,0.0,0.0,0.0,0.0,2565.882328545121,0.0,1462.891975085257
t599,0.0,0.0,0.0,0.0,0.0,0.0,0.0,2565.882328545121,0.0,1462.891975085257
t600,0.0,0.0,0.0,0.0,0.0,0.0,0.0,2565.882328545121,215.10772082405038,2351.5888012007676
t601,0.0,0.0,0.0,0.0,0.0,0.0,0.0,2565.882328545121,215.10772082405038,2351.5888012007676
t602,0.0,0.0,0.0,0.0,0.0,0.0,0.0,2565.882328545121,215.10772082405038,3207.788779606685
t603,0.0,0.0,0.0,0.0,0.0,0.0,0.0,3329.188859716071,215.10772082405038,4072.695726545062
t604,0.0,0.0,0.0,0.0,0.0,0.0,0.0,4337.014018871438,215.10772082405038,4072.695726545062
t605,0.0,0.0,0.0,0.0,0.0,0.0,0.0,6073.265543515824,215.10772082405038,4961.392552660573
t606,0.0,0.0,0.0,0.0,0.0,0.0,0.0,6073.265543515824,215.10772082405038,4961.392552660573
t607,0.0,0.0,0.0,0.0,0.0,0.0,0.0,6073.265543515824,215.10772082405038,4961.392552660573
t608,0.0,0.0,0.0,0.0,0.0,0.0,0.0,5840.533696957136,215.10772082405038,4005.664758780131
t609,0.0,0.0,0.0,0.0,0.0,0.0,0.0,5710.622995359133,215.10772082405038,2955.692138133261
t610,0.0,0.0,0.0,0.0,0.0,0.0,0.0,4648.222345350533,215.10772082405038,2955.692138133261
t611,0.0,0.0,0.0,0.0,0.0,0.0,0.0,4648.222345350533,215.10772082405038,2244.4523785831957
t612,0.0,0.0,0.0,0.0,0.0,0.0,0.0,4648.222345350533,215.10772082405038,2027.9703892959992
t613,0.0,0.0,0.0,0.0,0.0,0.0,0.0,4648.222345350533,215.10772082405038,2412.806771903497
t614,0.0,0.0,0.0,0.0,0.0,0.0,0.0,4648.222345350533,215.10772082405038,2507.400912333605
t615,0.0,0.0,0.0,0.0,0.0,0.0,0.0,4648.222345350533,215.10772082405038,2218.5362534540136
t616,0.0,0.0,0.0,0.0,0.0,0.0,0.0,4648.222345350533,215.10772082405038,1856.8852107142384
t617,0.0,0.0,0.0,0.0,0.0,0.0,0.0,4648.222345350533,215.10772082405038,1049.9726206468695
t618,0.0,0.0,0.0,0.0,0.0,0.0,0.0,3331.926636948638,215.10772082405038,1049.9726206468695
t619,0.0,0.0,0.0,0.0,0.0,0.0,0.0,2274.632850877803,215.10772082405038,0.0
t620,0.0,0.0,0.0,0.0,0.0,0.0,0.0,1473.3251313886744,215.10772082405038,0.0
t621,0.0,0.0,0.0,0.0,0.0,0.0,0.0,795.8926591038631,215.10772082405038,0.0
t622,0.0,0.0,0.0,0.0,0.0,0.0,0.0,353.43890631049766,215.10772082405038,0.0
t623,0.0,0.0,0.0,0.0,0.0,0.0,0.0,353.43890631049766,215.10772082405038,0.0
t624,0.0,0.0,0.0,0.0,0.0,0.0,0.0,353.43890631049766,215.10772082405038,0.0
t625,0.0,0.0,0.0,0.0,0.0,0.0,0.0,353.43890631049766,215.10772082405038,654.1009103858539
t626,0.0,0.0,0.0,0.0,0.0,0.0,0.0,353.43890631049766,215.10772082405038,654.1009103858539
t627,0.0,0.0,0.0,0.0,0.0,0.0,0.0,353.43890631049766,215.10772082405038,654.1009103858539
t628,0.0,0.0,0.0,0.0,0.0,0.0,0.0,353.43890631049766,215.10772082405038,654.1009103858539
t629,0.0,0.0,0.0,0.0,0.0,0.0,0.0,353.43890631049766,215.10772082405038,654.1009103858539
t630,0.0,0.0,0.0,0.0,0.0,0.0,0.0,353.43890631049766,215.10772082405038,654.1009103858539
t631,0.0,0.0,0.0,0.0,0.0,0.0,0.0,353.43890631049766,215.10772082405038,654.1009103858539
t632,0.0,0.0,0.0,0.0,0.0,0.0,0.0,353.43890631049766,215.10772082405038,654.1009103858539
t633,0.0,0.0,0.0,0.0,0.0,0.0,0.0,353.43890631049766,215.10772082405038,654.1009103858539
t634,0.0,0.0,0.0,0.0,0.0,0.0,0.0,353.43890631049766,215.10772082405038,654.1009103858539
t635,0.0,0.0,0.0,0.0,0.0,0.0,0.0,2089.690430954884,215.10772082405038,654.1009103858539
t636,0.0,0.0,0.0,0.0,0.0,0.0,0.0,2089.690430954884,215.10772082405038,654.1009103858539
t637,0.0,0.0,0.0,0.0,0.0,0.0,0.0,2089.690430954884,215.10772082405038,654.1009103858539
t638,0.0,0.0,0.0,0.0,0.0,0.0,0.0,2089.690430954884,215.10772082405038,654.1009103858539
t639,0.0,0.0,0.0,0.0,0.0,0.0,0.0,2089.690430954884,215.10772082405038,654.1009103858539
t640,0.0,0.0,0.0,0.0,0.0,0.0,0.0,2089.690430954884,215.10772082405038,654.1009103858539
t641,0.0,0.0,0.0,0.0,0.0,0.0,0.0,2089.690430954884,215.10772082405038,654.1009103858539
t642,0.0,0.0,0.0,0.0,0.0,0.0,0.0,2089.690430954884,215.10772082405038,840.2690791951363
t643,0.0,0.0,0.0,0.0,0.0,0.0,0.0,2053.5380994548796,215.10772082405038,840.2690791951363
t644,0.0,0.0,0.0,0.0,0.0,0.0,0.0,1939.9323816917645,215.10772082405038,840.2690791951363
t645,0.0,0.0,0.0,0.0,0.0,0.0,0.0,2820.4835746684244,430.21544164810075,1728.965905310647
t646,0.0,0.0,0.0,0.0,0.0,0.0,0.0,2820.4835746684244,430.21544164810075,1728.965905310647
t647,0.0,0.0,0.0,0.0,0.0,0.0,0.0,2820.4835746684244,430.21544164810075,1728.965905310647
t648,0.0,0.0,0.0,0.0,0.0,0.0,0.0,2820.4835746684244,430.21544164810075,1728.965905310647
t649,0.0,0.0,0.0,0.0,0.0,0.0,0.0,2820.4835746684244,430.21544164810075,1728.965905310647
t650,0.0,0.0,0.0,0.0,0.0,0.0,0.0,4556.73509931281,430.21544164810075,2617.6627314261577
t651,0.0,0.0,0.0,0.0,0.0,0.0,0.0,4556.73509931281,430.21544164810075,2617.6627314261577
t652,0.0,0.0,0.0,0.0,0.0,0.0,0.0,4556.73509931281,430.21544164810075,2617.6627314261577
t653,0.0,0.0,0.0,0.0,0.0,0.0,0.0,4556.73509931281,430.21544164810075,2617.6627314261577
t654,0.0,0.0,0.0,0.0,0.0,0.0,0.0,4556.73509931281,430.21544164810075,2617.6627314261577
t655,0.0,0.0,0.0,0.0,0.0,0.0,0.0,4556.73509931281,430.21544164810075,2617.6627314261577
t656,0.0,0.0,0.0,0.0,0.0,0.0,0.0,4556.73509931281,430.21544164810075,2617.6627314261577
t657,0.0,0.0,0.0,0.0,0.0,0.0,0.0,4556.73509931281,430.21544164810075,2617.6627314261577
t658,0.0,0.0,0.0,0.0,0.0,0.0,0.0,4556.73509931281,430.21544164810075,2617.6627314261577
t659,0.0,0.0,0.0,0.0,0.0,0.0,0.0,4556.73509931281,430.21544164810075,2617.6627314261577
t660,0.0,0.0,0.0,0.0,0.0,0.0,0.0,6292.986623957196,430.21544164810075,2617.6627314261577
t661,0.0,0.0,0.0,0.0,0.0,0.0,0.0,6292.986623957196,430.21544164810075,3256.357068388506
t662,0.0,0.0,0.0,0.0,0.0,0.0,0.0,6292.986623957196,430.21544164810075,3256.357068388506
t663,0.0,0.0,0.0,0.0,0.0,0.0,0.0,6292.986623957196,430.21544164810075,3256.357068388506
t664,0.0,0.0,0.0,0.0,0.0,0.0,0.0,6292.986623957196,430.21544164810075,3256.357068388506
t665,0.0,0.0,0.0,0.0,0.0,0.0,0.0,7480.8441496056,547.3251270872813,3256.357068388506
t666,0.0,0.0,0.0,0.0,0.0,0.0,0.0,7480.8441496056,547.3251270872813,3256.357068388506
t667,0.0,0.0,0.0,0.0,0.0,0.0,0.0,7386.508664119749,547.3251270872813,3256.357068388506
t668,0.0,0.0,0.0,0.0,0.0,0.0,0.0,7127.790519842903,547.3251270872813,3256.357068388506
t669,0.0,0.0,0.0,0.0,0.0,0.0,0.0,7127.790519842903,547.3251270872813,3256.357068388506
t670,0.0,0.0,0.0,0.0,0.0,0.0,0.0,7890.561853598419,547.3251270872813,4145.053894504016
t671,0.0,0.0,0.0,0.0,0.0,0.0,0.0,7890.561853598419,547.3251270872813,4395.81810841064
t672,0.0,0.0,0.0,0.0,0.0,0.0,0.0,9626.813378242805,547.3251270872813,4961.392552660573
t673,0.0,0.0,0.0,0.0,0.0,0.0,0.0,1135.2874240907902,0.0,0.0
t674,0.0,0.0,0.0,0.0,0.0,0.0,0.0,2871.5389487351763,210.0517134936718,888.6968261155105
t675,0.0,0.0,0.0,0.0,0.0,0.0,0.0,4607.790473379563,425.1594343177222,1777.393652231021
t676,0.0,0.0,0.0,0.0,0.0,0.0,0.0,6344.0419980239485,640.2671551417726,1777.393652231021
t677,0.0,0.0,0.0,0.0,0.0,0.0,0.0,8080.293522668335,762.4328479113317,1777.393652231021
t678,0.0,0.0,0.0,0.0,0.0,0.0,0.0,9626.813378242805,762.4328479113317,2296.3298206796826
t679,0.0,0.0,0.0,0.0,0.0,0.0,0.0,9626.813378242805,508.2885652742212,2618.4272724948
t680,0.0,0.0,0.0,0.0,0.0,0.0,0.0,9626.813378242805,508.2885652742212,3121.5399827899264
t681,0.0,0.0,0.0,0.0,0.0,0.0,0.0,9626.813378242805,508.2885652742212,3710.6964234188736
t682,0.0,0.0,0.0,0.0,0.0,0.0,0.0,9626.813378242805,508.2885652742212,4322.217590118785
t683,0.0,0.0,0.0,0.0,0.0,0.0,0.0,9626.813378242805,269.14782231620325,4961.392552660573
t684,0.0,0.0,0.0,0.0,0.0,0.0,0.0,9626.813378242805,269.14782231620325,4961.392552660573
t685,0.0,0.0,0.0,0.0,0.0,0.0,0.0,9626.813378242805,269.14782231620325,4961.392552660573
t686,0.0,0.0,0.0,0.0,0.0,0.0,0.0,9626.813378242805,269.14782231620325,4961.392552660573
t687,0.0,0.0,0.0,0.0,0.0,0.0,0.0,9626.813378242805,269.14782231620325,4447.5761173580795
t688,0.0,0.0,0.0,0.0,0.0,0.0,0.0,9626.813378242805,269.14782231620325,4447.5761173580795
t689,0.0,0.0,0.0,0.0,0.0,0.0,0.0,9114.711005974365,269.14782231620325,4447.5761173580795
t690,0.0,0.0,0.0,0.0,0.0,0.0,0.0,8563.944479712542,269.14782231620325,4447.5761173580795
t691,0.0,0.0,0.0,0.0,0.0,0.0,0.0,7837.32362033695,269.14782231620325,4447.5761173580795
t692,0.0,0.0,0.0,0.0,0.0,0.0,0.0,7035.368464879125,269.14782231620325,4447.5761173580795
t693,0.0,0.0,0.0,0.0,0.0,0.0,0.0,6982.458910122497,269.14782231620325,4447.5761173580795
t694,0.0,0.0,0.0,0.0,0.0,0.0,0.0,6982.458910122497,269.14782231620325,4447.5761173580795
t695,0.0,0.0,0.0,0.0,0.0,0.0,0.0,6982.458910122497,269.14782231620325,4447.5761173580795
t696,0.0,0.0,0.0,0.0,0.0,0.0,0.0,7669.345763730321,269.14782231620325,4735.766108609162
t697,0.0,0.0,0.0,0.0,0.0,0.0,0.0,9405.597288374707,269.14782231620325,4961.392552660573
t698,0.0,0.0,0.0,0.0,0.0,0.0,0.0,9405.597288374707,269.14782231620325,4961.392552660573
t699,0.0,0.0,0.0,0.0,0.0,0.0,0.0,9405.597288374707,269.14782231620325,4961.392552660573
t700,0.0,0.0,0.0,0.0,0.0,0.0,0.0,9405.597288374707,269.14782231620325,4961.392552660573
t701,0.0,0.0,0.0,0.0,0.0,0.0,0.0,9405.597288374707,269.14782231620325,4961.392552660573
t702,0.0,0.0,0.0,0.0,0.0,0.0,0.0,9405.597288374707,269.14782231620325,4961.392552660573
t703,0.0,0.0,0.0,0.0,0.0,0.0,0.0,9405.597288374707,269.14782231620325,4961.392552660573
t704,0.0,0.0,0.0,0.0,0.0,0.0,0.0,8963.892137179135,269.14782231620325,4530.656279071956
t705,0.0,0.0,0.0,0.0,0.0,0.0,0.0,8963.892137179135,269.14782231620325,4530.656279071956
t706,0.0,0.0,0.0,0.0,0.0,0.0,0.0,8963.892137179135,269.14782231620325,4530.656279071956
t707,0.0,0.0,0.0,0.0,0.0,0.0,0.0,8963.892137179135,269.14782231620325,4530.656279071956
t708,0.0,0.0,0.0,0.0,0.0,0.0,0.0,8963.892137179135,269.14782231620325,4530.656279071956
t709,0.0,0.0,0.0,0.0,0.0,0.0,0.0,8963.892137179135,269.14782231620325,4814.294510882481
t710,0.0,0.0,0.0,0.0,0.0,0.0,0.0,8963.892137179135,269.14782231620325,4814.294510882481
t711,0.0,0.0,0.0,0.0,0.0,0.0,0.0,8963.892137179135,269.14782231620325,4814.294510882481
t712,0.0,0.0,0.0,0.0,0.0,0.0,0.0,8963.892137179135,269.14782231620325,4814.294510882481
t713,0.0,0.0,0.0,0.0,0.0,0.0,0.0,7224.36089902704,269.14782231620325,3918.12595629976
t714,0.0,0.0,0.0,0.0,0.0,0.0,0.0,5173.024031536036,269.14782231620325,2868.1533356528907
t715,0.0,0.0,0.0,0.0,0.0,0.0,0.0,5173.024031536036,269.14782231620325,2868.1533356528907
t716,0.0,0.0,0.0,0.0,0.0,0.0,0.0,5173.024031536036,269.14782231620325,2868.1533356528907
t717,0.0,0.0,0.0,0.0,0.0,0.0,0.0,5173.024031536036,269.14782231620325,2868.1533356528907
t718,0.0,0.0,0.0,0.0,0.0,0.0,0.0,5173.024031536036,15.00353967909271,1887.9477409896301
t719,0.0,0.0,0.0,0.0,0.0,0.0,0.0,5173.024031536036,15.00353967909271,1887.9477409896301
t720,0.0,0.0,0.0,0.0,0.0,0.0,0.0,5173.024031536036,15.00353967909271,1887.9477409896301
t721,0.0,0.0,0.0,0.0,0.0,0.0,0.0,5173.024031536036,15.00353967909271,1887.9477409896301
t722,0.0,0.0,0.0,0.0,0.0,0.0,0.0,5173.024031536036,15.00353967909271,1887.9477409896301
t723,0.0,0.0,0.0,0.0,0.0,0.0,0.0,5173.024031536036,15.00353967909271,1887.9477409896301
t724,0.0,0.0,0.0,0.0,0.0,0.0,0.0,5173.024031536036,15.00353967909271,1887.9477409896301
t725,0.0,0.0,0.0,0.0,0.0,0.0,0.0,5173.024031536036,15.00353967909271,1887.9477409896301
t726,0.0,0.0,0.0,0.0,0.0,0.0,0.0,5173.024031536036,15.00353967909271,1887.9477409896301
t727,0.0,0.0,0.0,0.0,0.0,0.0,0.0,5173.024031536036,15.00353967909271,1887.9477409896301
t728,0.0,0.0,0.0,0.0,0.0,0.0,0.0,5173.024031536036,15.00353967909271,1887.9477409896301
t729,0.0,0.0,0.0,0.0,0.0,0.0,0.0,5173.024031536036,15.00353967909271,1887.9477409896301
t730,0.0,0.0,0.0,0.0,0.0,0.0,0.0,5173.024031536036,15.00353967909271,1887.9477409896301
t731,0.0,0.0,0.0,0.0,0.0,0.0,0.0,5173.024031536036,15.00353967909271,1887.9477409896301
t732,0.0,0.0,0.0,0.0,0.0,0.0,0.0,5173.024031536036,15.00353967909271,1887.9477409896301
t733,0.0,0.0,0.0,0.0,0.0,0.0,0.0,5173.024031536036,15.00353967909271,1887.9477409896301
t734,0.0,0.0,0.0,0.0,0.0,0.0,0.0,5173.024031536036,15.00353967909271,1887.9477409896301
t735,0.0,0.0,0.0,0.0,0.0,0.0,0.0,5173.024031536036,15.00353967909271,1887.9477409896301
t736,0.0,0.0,0.0,0.0,0.0,0.0,0.0,5100.250196095303,15.00353967909271,1887.9477409896301
t737,0.0,0.0,0.0,0.0,0.0,0.0,0.0,4145.007390094055,15.00353967909271,1887.9477409896301
t738,0.0,0.0,0.0,0.0,0.0,0.0,0.0,4145.007390094055,15.00353967909271,1887.9477409896301
t739,0.0,0.0,0.0,0.0,0.0,0.0,0.0,4145.007390094055,15.00353967909271,1887.9477409896301
t740,0.0,0.0,0.0,0.0,0.0,0.0,0.0,4145.007390094055,15.00353967909271,1887.9477409896301
t741,0.0,0.0,0.0,0.0,0.0,0.0,0.0,4145.007390094055,15.00353967909271,1887.9477409896301
t742,0.0,0.0,0.0,0.0,0.0,0.0,0.0,4145.007390094055,15.00353967909271,1887.9477409896301
t743,0.0,0.0,0.0,0.0,0.0,0.0,0.0,4145.007390094055,15.00353967909271,1887.9477409896301
t744,0.0,0.0,0.0,0.0,0.0,0.0,0.0,4145.007390094055,15.00353967909271,1887.9477409896301
t745,0.0,0.0,0.0,0.0,0.0,0.0,0.0,4145.007390094055,15.00353967909271,1887.9477409896301
t746,0.0,0.0,0.0,0.0,0.0,0.0,0.0,4145.007390094055,15.00353967909271,1887.9477409896301
t747,0.0,0.0,0.0,0.0,0.0,0.0,0.0,4145.007390094055,15.00353967909271,1887.9477409896301
t748,0.0,0.0,0.0,0.0,0.0,0.0,0.0,4145.007390094055,15.00353967909271,1887.9477409896301
t749,0.0,0.0,0.0,0.0,0.0,0.0,0.0,4145.007390094055,15.00353967909271,1887.9477409896301
t750,0.0,0.0,0.0,0.0,0.0,0.0,0.0,4145.007390094055,15.00353967909271,1887.9477409896301
t751,0.0,0.0,0.0,0.0,0.0,0.0,0.0,4145.007390094055,15.00353967909271,1887.9477409896301
t752,0.0,0.0,0.0,0.0,0.0,0.0,0.0,3775.7509301376613,15.00353967909271,1887.9477409896301
t753,0.0,0.0,0.0,0.0,0.0,0.0,0.0,3775.7509301376613,15.00353967909271,1887.9477409896301
t754,0.0,0.0,0.0,0.0,0.0,0.0,0.0,3775.7509301376613,15.00353967909271,1887.9477409896301
t755,0.0,0.0,0.0,0.0,0.0,0.0,0.0,3775.7509301376613,15.00353967909271,1887.9477409896301
t756,0.0,0.0,0.0,0.0,0.0,0.0,0.0,3775.7509301376613,15.00353967909271,1887.9477409896301
t757,0.0,0.0,0.0,0.0,0.0,0.0,0.0,3775.7509301376613,15.00353967909271,1887.9477409896301
t758,0.0,0.0,0.0,0.0,0.0,0.0,0.0,3775.7509301376613,15.00353967909271,1887.9477409896301
t759,0.0,0.0,0.0,0.0,0.0,0.0,0.0,3775.7509301376613,15.00353967909271,1887.9477409896301
t760,0.0,0.0,0.0,0.0,0.0,0.0,0.0,3775.7509301376613,15.00353967909271,1887.9477409896301
t761,0.0,0.0,0.0,0.0,0.0,0.0,0.0,2051.3368674910043,15.00353967909271,1218.1777127589241
t762,0.0,0.0,0.0,0.0,0.0,0.0,0.0,2051.3368674910043,15.00353967909271,1218.1777127589241
t763,0.0,0.0,0.0,0.0,0.0,0.0,0.0,0.0,15.00353967909271,1218.1777127589241
t764,0.0,0.0,0.0,0.0,0.0,0.0,0.0,0.0,15.00353967909271,1218.1777127589241
t765,0.0,0.0,0.0,0.0,0.0,0.0,0.0,0.0,15.00353967909271,1218.1777127589241
t766,0.0,0.0,0.0,0.0,0.0,0.0,0.0,0.0,15.00353967909271,168.2050921120546
t767,0.0,0.0,0.0,0.0,0.0,0.0,0.0,0.0,15.00353967909271,0.0
t768,0.0,0.0,0.0,0.0,0.0,0.0,0.0,0.0,15.00353967909271,0.0
t769,0.0,0.0,0.0,0.0,0.0,0.0,0.0,0.0,15.00353967909271,0.0
t770,0.0,0.0,0.0,0.0,0.0,0.0,0.0,0.0,15.00353967909271,0.0
t771,0.0,0.0,0.0,0.0,0.0,0.0,0.0,1736.251524644386,35.54448600902893,197.16725304207029
t772,0.0,0.0,0.0,0.0,0.0,0.0,0.0,3472.503049288772,250.6522068330793,388.65015666832426
t773,0.0,0.0,0.0,0.0,0.0,0.0,0.0,4841.529229546617,250.6522068330793,388.65015666832426
t774,0.0,0.0,0.0,0.0,0.0,0.0,0.0,5428.427512707471,250.6522068330793,388.65015666832426
t775,0.0,0.0,0.0,0.0,0.0,0.0,0.0,3921.9416628320846,250.6522068330793,0.0
t776,0.0,0.0,0.0,0.0,0.0,0.0,0.0,3921.9416628320846,250.6522068330793,0.0
t777,0.0,0.0,0.0,0.0,0.0,0.0,0.0,3391.4103141997766,250.6522068330793,0.0
t778,0.0,0.0,0.0,0.0,0.0,0.0,0.0,3947.3782424325677,250.6522068330793,0.0
t779,0.0,0.0,0.0,0.0,0.0,0.0,0.0,4581.8129278869565,250.6522068330793,0.0
t780,0.0,0.0,0.0,0.0,0.0,0.0,0.0,4672.161937519787,250.6522068330793,0.0
t781,0.0,0.0,0.0,0.0,0.0,0.0,0.0,4743.263207174858,250.6522068330793,0.0
t782,0.0,0.0,0.0,0.0,0.0,0.0,0.0,5522.48451566365,250.6522068330793,0.0
t783,0.0,0.0,0.0,0.0,0.0,0.0,0.0,5609.439502542015,250.6522068330793,0.0
t784,0.0,0.0,0.0,0.0,0.0,0.0,0.0,5519.90951205593,250.6522068330793,0.0
t785,0.0,0.0,0.0,0.0,0.0,0.0,0.0,3468.5726445649248,250.6522068330793,0.0
t786,0.0,0.0,0.0,0.0,0.0,0.0,0.0,3468.5726445649248,250.6522068330793,0.0
t787,0.0,0.0,0.0,0.0,0.0,0.0,0.0,3468.5726445649248,250.6522068330793,888.6968261155105
t788,0.0,0.0,0.0,0.0,0.0,0.0,0.0,1417.2357770739209,250.6522068330793,1532.6197717490127
t789,0.0,0.0,0.0,0.0,0.0,0.0,0.0,1417.2357770739209,250.6522068330793,2421.3165978645234
t790,0.0,0.0,0.0,0.0,0.0,0.0,0.0,1417.2357770739209,250.6522068330793,2421.3165978645234
t791,0.0,0.0,0.0,0.0,0.0,0.0,0.0,706.2143857262129,250.6522068330793,3310.0134239800336
t792,0.0,0.0,0.0,0.0,0.0,0.0,0.0,1039.230920358551,250.6522068330793,3310.0134239800336
t793,0.0,0.0,0.0,0.0,0.0,0.0,0.0,1039.230920358551,250.6522068330793,2260.0408033331646
t794,0.0,0.0,0.0,0.0,0.0,0.0,0.0,2565.9046373994465,250.6522068330793,3148.737629448675
t795,0.0,0.0,0.0,0.0,0.0,0.0,0.0,4223.734505545345,250.6522068330793,4037.4344555641856
t796,0.0,0.0,0.0,0.0,0.0,0.0,0.0,5896.475354039545,250.6522068330793,4037.4344555641856
t797,0.0,0.0,0.0,0.0,0.0,0.0,0.0,7632.72687868393,254.14428263711054,4383.338611562627
t798,0.0,0.0,0.0,0.0,0.0,0.0,0.0,8872.938627304658,254.14428263711054,4961.392552660573
t799,0.0,0.0,0.0,0.0,0.0,0.0,0.0,9355.920332341175,254.14428263711054,4961.392552660573
t800,0.0,0.0,0.0,0.0,0.0,0.0,0.0,9355.920332341175,254.14428263711054,4017.901132195937
t801,0.0,0.0,0.0,0.0,0.0,0.0,0.0,9355.920332341175,254.14428263711054,4017.901132195937
t802,0.0,0.0,0.0,0.0,0.0,0.0,0.0,9432.457635909304,254.14428263711054,4017.901132195937
t803,0.0,0.0,0.0,0.0,0.0,0.0,0.0,9418.654592901083,254.14428263711054,4017.901132195937
t804,0.0,0.0,0.0,0.0,0.0,0.0,0.0,9418.654592901083,254.14428263711054,4017.901132195937
t805,0.0,0.0,0.0,0.0,0.0,0.0,0.0,9626.813378242805,254.14428263711054,4317.2892967069765
t806,0.0,0.0,0.0,0.0,0.0,0.0,0.0,9626.813378242805,254.14428263711054,4317.2892967069765
t807,0.0,0.0,0.0,0.0,0.0,0.0,0.0,9626.813378242805,254.14428263711054,4317.2892967069765
t808,0.0,0.0,0.0,0.0,0.0,0.0,0.0,9626.813378242805,254.14428263711054,4317.2892967069765
t809,0.0,0.0,0.0,0.0,0.0,0.0,0.0,9626.813378242805,254.14428263711054,4317.2892967069765
t810,0.0,0.0,0.0,0.0,0.0,0.0,0.0,9449.69713414869,254.14428263711054,4317.2892967069765
t811,0.0,0.0,0.0,0.0,0.0,0.0,0.0,9449.69713414869,254.14428263711054,4317.2892967069765
t812,0.0,0.0,0.0,0.0,0.0,0.0,0.0,8398.869379457792,254.14428263711054,4317.2892967069765
t813,0.0,0.0,0.0,0.0,0.0,0.0,0.0,8153.97740960662,254.14428263711054,4317.2892967069765
t814,0.0,0.0,0.0,0.0,0.0,0.0,0.0,8153.97740960662,254.14428263711054,4259.955965123387
t815,0.0,0.0,0.0,0.0,0.0,0.0,0.0,8153.97740960662,254.14428263711054,4259.955965123387
t816,0.0,0.0,0.0,0.0,0.0,0.0,0.0,8153.97740960662,254.14428263711054,4259.955965123387
t817,0.0,0.0,0.0,0.0,0.0,0.0,0.0,8153.97740960662,254.14428263711054,4259.955965123387
t818,0.0,0.0,0.0,0.0,0.0,0.0,0.0,8153.97740960662,0.0,3209.9833444765177
t819,0.0,0.0,0.0,0.0,0.0,0.0,0.0,8153.97740960662,0.0,3209.9833444765177
t820,0.0,0.0,0.0,0.0,0.0,0.0,0.0,8153.97740960662,0.0,3209.9833444765177
t821,0.0,0.0,0.0,0.0,0.0,0.0,0.0,8153.97740960662,0.0,3209.9833444765177
t822,0.0,0.0,0.0,0.0,0.0,0.0,0.0,8153.97740960662,0.0,3209.9833444765177
t823,0.0,0.0,0.0,0.0,0.0,0.0,0.0,8153.97740960662,0.0,3209.9833444765177
t824,0.0,0.0,0.0,0.0,0.0,0.0,0.0,8153.97740960662,0.0,3209.9833444765177
t825,0.0,0.0,0.0,0.0,0.0,0.0,0.0,8153.97740960662,0.0,3209.9833444765177
t826,0.0,0.0,0.0,0.0,0.0,0.0,0.0,8153.97740960662,0.0,3209.9833444765177
t827,0.0,0.0,0.0,0.0,0.0,0.0,0.0,8153.97740960662,0.0,3209.9833444765177
t828,0.0,0.0,0.0,0.0,0.0,0.0,0.0,8153.97740960662,0.0,3209.9833444765177
t829,0.0,0.0,0.0,0.0,0.0,0.0,0.0,8153.97740960662,0.0,3209.9833444765177
t830,0.0,0.0,0.0,0.0,0.0,0.0,0.0,8153.97740960662,0.0,2160.0107238296478
t831,0.0,0.0,0.0,0.0,0.0,0.0,0.0,8033.917340524324,0.0,1938.5290768584223
t832,0.0,0.0,0.0,0.0,0.0,0.0,0.0,7386.3484133739275,0.0,1178.3590708395975
t833,0.0,0.0,0.0,0.0,0.0,0.0,0.0,5389.196809368703,0.0,1178.3590708395975
t834,0.0,0.0,0.0,0.0,0.0,0.0,0.0,3337.8599418776985,0.0,799.4955616198764
t835,0.0,0.0,0.0,0.0,0.0,0.0,0.0,1570.6334464717102,0.0,799.4955616198764
t836,0.0,0.0,0.0,0.0,0.0,0.0,0.0,397.35090087471366,0.0,799.4955616198764
t837,0.0,0.0,0.0,0.0,0.0,0.0,0.0,397.35090087471366,0.0,0.0
t838,0.0,0.0,0.0,0.0,0.0,0.0,0.0,59.96185152669331,0.0,0.0
t839,0.0,0.0,0.0,0.0,0.0,0.0,0.0,59.96185152669331,0.0,0.0
t840,0.0,0.0,0.0,0.0,0.0,0.0,0.0,59.96185152669331,0.0,0.0
t841,0.0,0.0,0.0,0.0,0.0,0.0,0.0,1736.251524644386,0.0,888.6968261155105
t842,0.0,0.0,0.0,0.0,0.0,0.0,0.0,1736.251524644386,0.0,888.6968261155105
t843,0.0,0.0,0.0,0.0,0.0,0.0,0.0,1736.251524644386,0.0,888.6968261155105
t844,0.0,0.0,0.0,0.0,0.0,0.0,0.0,1736.251524644386,0.0,888.6968261155105
t845,0.0,0.0,0.0,0.0,0.0,0.0,0.0,1736.251524644386,0.0,888.6968261155105
t846,0.0,0.0,0.0,0.0,0.0,0.0,0.0,1736.251524644386,215.10772082405038,1777.393652231021
t847,0.0,0.0,0.0,0.0,0.0,0.0,0.0,1736.251524644386,215.10772082405038,1777.393652231021
t848,0.0,0.0,0.0,0.0,0.0,0.0,0.0,1736.251524644386,215.10772082405038,1777.393652231021
t849,0.0,0.0,0.0,0.0,0.0,0.0,0.0,1736.251524644386,215.10772082405038,1777.393652231021
t850,0.0,0.0,0.0,0.0,0.0,0.0,0.0,1736.251524644386,215.10772082405038,1777.393652231021
t851,0.0,0.0,0.0,0.0,0.0,0.0,0.0,3472.503049288772,399.7196269614941,1846.3388205449157
t852,0.0,0.0,0.0,0.0,0.0,0.0,0.0,3907.7750298052206,399.7196269614941,1846.3388205449157
t853,0.0,0.0,0.0,0.0,0.0,0.0,0.0,4470.841344768157,399.7196269614941,1846.3388205449157
t854,0.0,0.0,0.0,0.0,0.0,0.0,0.0,5180.672482423332,399.7196269614941,1846.3388205449157
t855,0.0,0.0,0.0,0.0,0.0,0.0,0.0,5891.839572517653,399.7196269614941,1846.3388205449157
t856,0.0,0.0,0.0,0.0,0.0,0.0,0.0,6359.711174244523,399.7196269614941,1846.3388205449157
t857,0.0,0.0,0.0,0.0,0.0,0.0,0.0,6359.711174244523,399.7196269614941,1846.3388205449157
t858,0.0,0.0,0.0,0.0,0.0,0.0,0.0,6359.711174244523,399.7196269614941,1846.3388205449157
t859,0.0,0.0,0.0,0.0,0.0,0.0,0.0,6359.711174244523,399.7196269614941,1846.3388205449157
t860,0.0,0.0,0.0,0.0,0.0,0.0,0.0,5508.776784028081,399.7196269614941,1846.3388205449157
t861,0.0,0.0,0.0,0.0,0.0,0.0,0.0,5508.776784028081,427.5171585159988,2295.3020743140405
t862,0.0,0.0,0.0,0.0,0.0,0.0,0.0,5508.776784028081,427.5171585159988,2295.3020743140405
t863,0.0,0.0,0.0,0.0,0.0,0.0,0.0,5508.776784028081,427.5171585159988,2295.3020743140405
t864,0.0,0.0,0.0,0.0,0.0,0.0,0.0,5508.776784028081,427.5171585159988,3183.998900429551
t865,0.0,0.0,0.0,0.0,0.0,0.0,0.0,5534.928016248378,427.5171585159988,3183.998900429551
t866,0.0,0.0,0.0,0.0,0.0,0.0,0.0,7271.179540892765,427.5171585159988,4072.695726545062
t867,0.0,0.0,0.0,0.0,0.0,0.0,0.0,7515.9260634294105,642.6248793400492,4072.695726545062
t868,0.0,0.0,0.0,0.0,0.0,0.0,0.0,7890.561853598419,642.6248793400492,4072.695726545062
t869,0.0,0.0,0.0,0.0,0.0,0.0,0.0,9626.813378242805,642.6248793400492,4961.392552660573
t870,0.0,0.0,0.0,0.0,0.0,0.0,0.0,9626.813378242805,642.6248793400492,4961.392552660573
t871,0.0,0.0,0.0,0.0,0.0,0.0,0.0,9626.813378242805,762.4328479113317,4961.392552660573
t872,0.0,0.0,0.0,0.0,0.0,0.0,0.0,9222.14649551516,508.2885652742212,4961.392552660573
t873,0.0,0.0,0.0,0.0,0.0,0.0,0.0,9391.367387824494,508.2885652742212,4961.392552660573
t874,0.0,0.0,0.0,0.0,0.0,0.0,0.0,9376.488804347418,508.2885652742212,3911.419932013703
t875,0.0,0.0,0.0,0.0,0.0,0.0,0.0,8136.380538135138,508.2885652742212,3575.798108035608
t876,0.0,0.0,0.0,0.0,0.0,0.0,0.0,6792.728534566231,508.2885652742212,3274.5112172060726
t877,0.0,0.0,0.0,0.0,0.0,0.0,0.0,6792.728534566231,508.2885652742212,2744.872866017848
t878,0.0,0.0,0.0,0.0,0.0,0.0,0.0,5238.394650593575,508.2885652742212,2308.0610490270096
t879,0.0,0.0,0.0,0.0,0.0,0.0,0.0,5238.394650593575,508.2885652742212,2030.5187747813486
t880,0.0,0.0,0.0,0.0,0.0,0.0,0.0,5238.394650593575,508.2885652742212,2030.5187747813486
t881,0.0,0.0,0.0,0.0,0.0,0.0,0.0,4538.468537020682,254.14428263711065,1807.9636191465656
t882,0.0,0.0,0.0,0.0,0.0,0.0,0.0,3089.6350900601046,254.14428263711065,1807.9636191465656
t883,0.0,0.0,0.0,0.0,0.0,0.0,0.0,1211.5419375776548,254.14428263711065,1807.9636191465656
t884,0.0,0.0,0.0,0.0,0.0,0.0,0.0,1211.5419375776548,254.14428263711065,1807.9636191465656
t885,0.0,0.0,0.0,0.0,0.0,0.0,0.0,636.8275956325868,254.14428263711065,1807.9636191465656
t886,0.0,0.0,0.0,0.0,0.0,0.0,0.0,129.78028359721054,0.0,1807.9636191465656
t887,0.0,0.0,0.0,0.0,0.0,0.0,0.0,0.0,0.0,1807.9636191465656
t888,0.0,0.0,0.0,0.0,0.0,0.0,0.0,1307.2407660631497,97.61031768148773,1807.9636191465656
t889,0.0,0.0,0.0,0.0,0.0,0.0,0.0,3043.492290707536,312.7180385055381,1819.1846031645575
t890,0.0,0.0,0.0,0.0,0.0,0.0,0.0,4779.7438153519215,527.8257593295885,2316.7401288027004
t891,0.0,0.0,0.0,0.0,0.0,0.0,0.0,6515.995339996308,742.9334801536389,2437.435347904308
t892,0.0,0.0,0.0,0.0,0.0,0.0,0.0,7509.595837704737,742.9334801536389,2437.435347904308
t893,0.0,0.0,0.0,0.0,0.0,0.0,0.0,8685.472299180554,742.9334801536389,2437.435347904308
t894,0.0,0.0,0.0,0.0,0.0,0.0,0.0,9626.813378242805,742.9334801536389,2437.435347904308
t895,0.0,0.0,0.0,0.0,0.0,0.0,0.0,8652.186974037177,508.28856527422107,2437.435347904308
t896,0.0,0.0,0.0,0.0,0.0,0.0,0.0,7755.314860758956,254.14428263711054,2437.435347904308
t897,0.0,0.0,0.0,0.0,0.0,0.0,0.0,7755.314860758956,254.14428263711054,2437.435347904308
t898,0.0,0.0,0.0,0.0,0.0,0.0,0.0,5964.361597767008,254.14428263711054,2348.8258965620525
t899,0.0,0.0,0.0,0.0,0.0,0.0,0.0,5964.361597767008,254.14428263711054,1728.3044209887328
t900,0.0,0.0,0.0,0.0,0.0,0.0,0.0,4855.662459120134,254.14428263711054,965.2247426234366
t901,0.0,0.0,0.0,0.0,0.0,0.0,0.0,4354.125601184432,254.14428263711054,175.34885033577478
t902,0.0,0.0,0.0,0.0,0.0,0.0,0.0,3739.0095787706005,254.14428263711054,86.9234815954245
t903,0.0,0.0,0.0,0.0,0.0,0.0,0.0,3739.0095787706005,254.14428263711054,86.9234815954245
t904,0.0,0.0,0.0,0.0,0.0,0.0,0.0,2051.3368674910043,254.14428263711054,86.9234815954245
t905,0.0,0.0,0.0,0.0,0.0,0.0,0.0,2051.3368674910043,254.14428263711054,86.9234815954245
t906,0.0,0.0,0.0,0.0,0.0,0.0,0.0,0.0,0.0,86.9234815954245
t907,0.0,0.0,0.0,0.0,0.0,0.0,0.0,0.0,0.0,0.0
t908,0.0,0.0,0.0,0.0,0.0,0.0,0.0,0.0,0.0,622.0950270937896
t909,0.0,0.0,0.0,0.0,0.0,0.0,0.0,0.0,0.0,622.0950270937896
t910,0.0,0.0,0.0,0.0,0.0,0.0,0.0,0.0,0.0,567.0571790900834
t911,0.0,0.0,0.0,0.0,0.0,0.0,0.0,0.0,68.00642581934719,567.0571790900834
t912,0.0,0.0,0.0,0.0,0.0,0.0,0.0,732.299366932898,283.1141466433976,567.0571790900834
t913,0.0,0.0,0.0,0.0,0.0,0.0,0.0,2107.9465425213684,283.1141466433976,567.0571790900834
t914,0.0,0.0,0.0,0.0,0.0,0.0,0.0,3045.1989238786705,283.1141466433976,1455.754005205594
t915,0.0,0.0,0.0,0.0,0.0,0.0,0.0,4094.747387951568,332.21740626323094,1776.6985898021046
t916,0.0,0.0,0.0,0.0,0.0,0.0,0.0,5830.998912595954,547.3251270872813,2665.395415917615
t917,0.0,0.0,0.0,0.0,0.0,0.0,0.0,7567.250437240339,547.3251270872813,3554.092242033126
t918,0.0,0.0,0.0,0.0,0.0,0.0,0.0,8657.697699963133,762.4328479113317,4442.789068148636
t919,0.0,0.0,0.0,0.0,0.0,0.0,0.0,9626.813378242805,762.4328479113317,4442.789068148636
t920,0.0,0.0,0.0,0.0,0.0,0.0,0.0,9626.813378242805,762.4328479113317,4961.392552660573
t921,0.0,0.0,0.0,0.0,0.0,0.0,0.0,9438.722996239483,762.4328479113317,4961.392552660573
t922,0.0,0.0,0.0,0.0,0.0,0.0,0.0,8683.871094976977,508.28856527422107,4961.392552660573
t923,0.0,0.0,0.0,0.0,0.0,0.0,0.0,8706.69211278406,508.28856527422107,4961.392552660573
t924,0.0,0.0,0.0,0.0,0.0,0.0,0.0,8601.698755874904,508.28856527422107,3911.419932013703
t925,0.0,0.0,0.0,0.0,0.0,0.0,0.0,7589.620452945738,508.28856527422107,3499.3083985694684
t926,0.0,0.0,0.0,0.0,0.0,0.0,0.0,7560.908806127863,254.14428263711054,2449.3357779225985
t927,0.0,0.0,0.0,0.0,0.0,0.0,0.0,6375.9758049590455,254.14428263711054,2449.3357779225985
t928,0.0,0.0,0.0,0.0,0.0,0.0,0.0,5454.739499404108,254.14428263711054,1399.3631572757288
t929,0.0,0.0,0.0,0.0,0.0,0.0,0.0,5246.153569726715,254.14428263711054,1399.3631572757288
t930,0.0,0.0,0.0,0.0,0.0,0.0,0.0,5246.153569726715,254.14428263711054,349.3905366288584
t931,0.0,0.0,0.0,0.0,0.0,0.0,0.0,3955.51709681848,0.0,0.0
t932,0.0,0.0,0.0,0.0,0.0,0.0,0.0,3955.51709681848,0.0,0.0
t933,0.0,0.0,0.0,0.0,0.0,0.0,0.0,1904.1802293274754,0.0,0.0
t934,0.0,0.0,0.0,0.0,0.0,0.0,0.0,0.0,0.0,0.0
t935,0.0,0.0,0.0,0.0,0.0,0.0,0.0,0.0,0.0,0.0
t936,0.0,0.0,0.0,0.0,0.0,0.0,0.0,503.0494742458551,0.0,0.0
t937,0.0,0.0,0.0,0.0,0.0,0.0,0.0,1716.2418090997523,0.0,100.20944279047906
t938,0.0,0.0,0.0,0.0,0.0,0.0,0.0,2004.6843886978008,0.0,988.9062689059896
t939,0.0,0.0,0.0,0.0,0.0,0.0,0.0,536.7559838511127,0.0,517.9084220830196
t940,0.0,0.0,0.0,0.0,0.0,0.0,0.0,536.7559838511127,0.0,517.9084220830196
t941,0.0,0.0,0.0,0.0,0.0,0.0,0.0,2273.0075084954988,215.10772082405038,517.9084220830196
t942,0.0,0.0,0.0,0.0,0.0,0.0,0.0,2273.0075084954988,215.10772082405038,517.9084220830196
t943,0.0,0.0,0.0,0.0,0.0,0.0,0.0,2273.0075084954988,215.10772082405038,517.9084220830196
t944,0.0,0.0,0.0,0.0,0.0,0.0,0.0,3055.65728069199,215.10772082405038,517.9084220830196
t945,0.0,0.0,0.0,0.0,0.0,0.0,0.0,3055.65728069199,215.10772082405038,517.9084220830196
t946,0.0,0.0,0.0,0.0,0.0,0.0,0.0,4443.146693994931,215.10772082405038,517.9084220830196
t947,0.0,0.0,0.0,0.0,0.0,0.0,0.0,4443.146693994931,215.10772082405038,517.9084220830196
t948,0.0,0.0,0.0,0.0,0.0,0.0,0.0,4884.6410032620415,215.10772082405038,1406.60524819853
t949,0.0,0.0,0.0,0.0,0.0,0.0,0.0,4884.6410032620415,215.10772082405038,1406.60524819853
t950,0.0,0.0,0.0,0.0,0.0,0.0,0.0,4884.6410032620415,215.10772082405038,1406.60524819853
t951,0.0,0.0,0.0,0.0,0.0,0.0,0.0,6620.892527906428,215.10772082405038,1406.60524819853
t952,0.0,0.0,0.0,0.0,0.0,0.0,0.0,6620.892527906428,215.10772082405038,1406.60524819853
t953,0.0,0.0,0.0,0.0,0.0,0.0,0.0,6620.892527906428,215.10772082405038,1406.60524819853
t954,0.0,0.0,0.0,0.0,0.0,0.0,0.0,5954.119421061455,215.10772082405038,1406.60524819853
t955,0.0,0.0,0.0,0.0,0.0,0.0,0.0,4314.454916052746,215.10772082405038,1406.60524819853
t956,0.0,0.0,0.0,0.0,0.0,0.0,0.0,2263.118048561741,172.6513555439342,1406.60524819853
t957,0.0,0.0,0.0,0.0,0.0,0.0,0.0,454.298791248316,172.6513555439342,1406.60524819853
t958,0.0,0.0,0.0,0.0,0.0,0.0,0.0,0.0,172.6513555439342,1406.60524819853
t959,0.0,0.0,0.0,0.0,0.0,0.0,0.0,1229.1355252032818,172.6513555439342,1406.60524819853
t960,0.0,0.0,0.0,0.0,0.0,0.0,0.0,1229.1355252032818,172.6513555439342,1406.60524819853
t961,0.0,0.0,0.0,0.0,0.0,0.0,0.0,2965.387049847668,172.6513555439342,2295.3020743140405
t962,0.0,0.0,0.0,0.0,0.0,0.0,0.0,2965.387049847668,172.6513555439342,2295.3020743140405
t963,0.0,0.0,0.0,0.0,0.0,0.0,0.0,2965.387049847668,172.6513555439342,2295.3020743140405
t964,0.0,0.0,0.0,0.0,0.0,0.0,0.0,2984.4891681580175,172.6513555439342,2295.3020743140405
t965,0.0,0.0,0.0,0.0,0.0,0.0,0.0,2984.4891681580175,172.6513555439342,2295.3020743140405
t966,0.0,0.0,0.0,0.0,0.0,0.0,0.0,4720.740692802404,172.6513555439342,2295.3020743140405
t967,0.0,0.0,0.0,0.0,0.0,0.0,0.0,4720.740692802404,172.6513555439342,2295.3020743140405
t968,0.0,0.0,0.0,0.0,0.0,0.0,0.0,4720.740692802404,172.6513555439342,2295.3020743140405
t969,0.0,0.0,0.0,0.0,0.0,0.0,0.0,4720.740692802404,172.6513555439342,2295.3020743140405
t970,0.0,0.0,0.0,0.0,0.0,0.0,0.0,4720.740692802404,172.6513555439342,2295.3020743140405
t971,0.0,0.0,0.0,0.0,0.0,0.0,0.0,6456.99221744679,244.95955841225447,2295.3020743140405
t972,0.0,0.0,0.0,0.0,0.0,0.0,0.0,6456.99221744679,244.95955841225447,2295.3020743140405
t973,0.0,0.0,0.0,0.0,0.0,0.0,0.0,6456.99221744679,244.95955841225447,2295.3020743140405
t974,0.0,0.0,0.0,0.0,0.0,0.0,0.0,6456.99221744679,244.95955841225447,2295.3020743140405
t975,0.0,0.0,0.0,0.0,0.0,0.0,0.0,6456.99221744679,244.95955841225447,2295.3020743140405
t976,0.0,0.0,0.0,0.0,0.0,0.0,0.0,6456.99221744679,460.06727923630484,3183.998900429551
t977,0.0,0.0,0.0,0.0,0.0,0.0,0.0,6456.99221744679,460.06727923630484,3183.998900429551
t978,0.0,0.0,0.0,0.0,0.0,0.0,0.0,6456.99221744679,460.06727923630484,3183.998900429551
t979,0.0,0.0,0.0,0.0,0.0,0.0,0.0,6427.092388365535,460.06727923630484,3183.998900429551
t980,0.0,0.0,0.0,0.0,0.0,0.0,0.0,5644.5067739680735,460.06727923630484,3183.998900429551
t981,0.0,0.0,0.0,0.0,0.0,0.0,0.0,4879.58148188749,460.06727923630484,4072.695726545062
t982,0.0,0.0,0.0,0.0,0.0,0.0,0.0,4879.58148188749,547.3251270872813,4072.695726545062
t983,0.0,0.0,0.0,0.0,0.0,0.0,0.0,5917.045033543147,547.3251270872813,4072.695726545062
t984,0.0,0.0,0.0,0.0,0.0,0.0,0.0,5917.045033543147,547.3251270872813,4072.695726545062
t985,0.0,0.0,0.0,0.0,0.0,0.0,0.0,5917.045033543147,547.3251270872813,4072.695726545062
t986,0.0,0.0,0.0,0.0,0.0,0.0,0.0,7653.296558187532,547.3251270872813,4961.392552660573
t987,0.0,0.0,0.0,0.0,0.0,0.0,0.0,7831.306194888811,762.4328479113317,4961.392552660573
t988,0.0,0.0,0.0,0.0,0.0,0.0,0.0,9349.417072333128,762.4328479113317,4961.392552660573
t989,0.0,0.0,0.0,0.0,0.0,0.0,0.0,9514.351859725672,762.4328479113317,4961.392552660573
t990,0.0,0.0,0.0,0.0,0.0,0.0,0.0,9626.813378242805,762.4328479113317,4961.392552660573
t991,0.0,0.0,0.0,0.0,0.0,0.0,0.0,9626.813378242805,508.28856527422107,4276.208484556035
t992,0.0,0.0,0.0,0.0,0.0,0.0,0.0,8815.498392979502,508.28856527422107,3542.821295767293
t993,0.0,0.0,0.0,0.0,0.0,0.0,0.0,8060.500114388769,508.28856527422107,3098.4511594595506
t994,0.0,0.0,0.0,0.0,0.0,0.0,0.0,8060.500114388769,508.28856527422107,3098.4511594595506
t995,0.0,0.0,0.0,0.0,0.0,0.0,0.0,7348.920348081662,508.28856527422107,2934.9675726647642
t996,0.0,0.0,0.0,0.0,0.0,0.0,0.0,6767.794307529982,254.14428263711054,2584.529445601634
t997,0.0,0.0,0.0,0.0,0.0,0.0,0.0,6767.794307529982,254.14428263711054,1836.6528135889353
t998,0.0,0.0,0.0,0.0,0.0,0.0,0.0,6767.794307529982,254.14428263711054,1710.618597411653
t999,0.0,0.0,0.0,0.0,0.0,0.0,0.0,5907.739730569033,254.14428263711054,923.2219467183771
t1000,0.0,0.0,0.0,0.0,0.0,0.0,0.0,5907.739730569033,254.14428263711054,379.9867572443169
t1001,0.0,0.0,0.0,0.0,0.0,0.0,0.0,4102.673734982009,0.0,0.0
t1002,0.0,0.0,0.0,0.0,0.0,0.0,0.0,4102.673734982009,0.0,0.0
t1003,0.0,0.0,0.0,0.0,0.0,0.0,0.0,2051.3368674910043,0.0,0.0
t1004,0.0,0.0,0.0,0.0,0.0,0.0,0.0,2051.3368674910043,0.0,0.0
t1005,0.0,0.0,0.0,0.0,0.0,0.0,0.0,2051.3368674910043,0.0,0.0
t1006,0.0,0.0,0.0,0.0,0.0,0.0,0.0,0.0,0.0,0.0
t1007,0.0,0.0,0.0,0.0,0.0,0.0,0.0,0.0,0.0,0.0
t1008,0.0,0.0,0.0,0.0,0.0,0.0,0.0,0.0,0.0,0.0
t1009,0.0,0.0,0.0,0.0,0.0,0.0,0.0,5738.497712955678,430.21544164810075,2264.9348576032457
t1010,0.0,0.0,0.0,0.0,0.0,0.0,0.0,5738.497712955678,430.21544164810075,2264.9348576032457
t1011,0.0,0.0,0.0,0.0,0.0,0.0,0.0,5738.497712955678,430.21544164810075,2264.9348576032457
t1012,0.0,0.0,0.0,0.0,0.0,0.0,0.0,5738.497712955678,430.21544164810075,2264.9348576032457
t1013,0.0,0.0,0.0,0.0,0.0,0.0,0.0,5738.497712955678,430.21544164810075,2264.9348576032457
t1014,0.0,0.0,0.0,0.0,0.0,0.0,0.0,5738.497712955678,430.21544164810075,2264.9348576032457
t1015,0.0,0.0,0.0,0.0,0.0,0.0,0.0,5738.497712955678,430.21544164810075,2264.9348576032457
t1016,0.0,0.0,0.0,0.0,0.0,0.0,0.0,5738.497712955678,430.21544164810075,2264.9348576032457
t1017,0.0,0.0,0.0,0.0,0.0,0.0,0.0,5738.497712955678,430.21544164810075,2264.9348576032457
t1018,0.0,0.0,0.0,0.0,0.0,0.0,0.0,5738.497712955678,430.21544164810075,2264.9348576032457
t1019,0.0,0.0,0.0,0.0,0.0,0.0,0.0,5738.497712955678,430.21544164810075,2264.9348576032457
t1020,0.0,0.0,0.0,0.0,0.0,0.0,0.0,5738.497712955678,430.21544164810075,2264.9348576032457
t1021,0.0,0.0,0.0,0.0,0.0,0.0,0.0,5738.497712955678,430.21544164810075,2264.9348576032457
t1022,0.0,0.0,0.0,0.0,0.0,0.0,0.0,6019.166884264185,430.21544164810075,2264.9348576032457
t1023,0.0,0.0,0.0,0.0,0.0,0.0,0.0,6754.374499112994,430.21544164810075,2264.9348576032457
t1024,0.0,0.0,0.0,0.0,0.0,0.0,0.0,7239.392247903898,645.3231624721511,3153.631683718756
t1025,0.0,0.0,0.0,0.0,0.0,0.0,0.0,7412.436847751852,645.3231624721511,3153.631683718756
t1026,0.0,0.0,0.0,0.0,0.0,0.0,0.0,7412.436847751852,645.3231624721511,3153.631683718756
t1027,0.0,0.0,0.0,0.0,0.0,0.0,0.0,7412.436847751852,645.3231624721511,3153.631683718756
t1028,0.0,0.0,0.0,0.0,0.0,0.0,0.0,7412.436847751852,645.3231624721511,3153.631683718756
t1029,0.0,0.0,0.0,0.0,0.0,0.0,0.0,7361.4692153426895,645.3231624721511,3153.631683718756
t1030,0.0,0.0,0.0,0.0,0.0,0.0,0.0,7361.4692153426895,726.2134120893226,3153.631683718756
t1031,0.0,0.0,0.0,0.0,0.0,0.0,0.0,7361.4692153426895,726.2134120893226,3153.631683718756
t1032,0.0,0.0,0.0,0.0,0.0,0.0,0.0,7361.4692153426895,726.2134120893226,3153.631683718756
t1033,0.0,0.0,0.0,0.0,0.0,0.0,0.0,7361.4692153426895,726.2134120893226,3153.631683718756
t1034,0.0,0.0,0.0,0.0,0.0,0.0,0.0,9097.720739987075,726.2134120893226,3153.631683718756
t1035,0.0,0.0,0.0,0.0,0.0,0.0,0.0,9368.111670978595,726.2134120893226,3153.631683718756
t1036,0.0,0.0,0.0,0.0,0.0,0.0,0.0,9626.813378242805,726.2134120893226,3153.631683718756
t1037,0.0,0.0,0.0,0.0,0.0,0.0,0.0,9626.813378242805,726.2134120893226,3153.631683718756
t1038,0.0,0.0,0.0,0.0,0.0,0.0,0.0,9626.813378242805,726.2134120893226,3153.631683718756
t1039,0.0,0.0,0.0,0.0,0.0,0.0,0.0,8394.628556046237,726.2134120893226,3153.631683718756
t1040,0.0,0.0,0.0,0.0,0.0,0.0,0.0,7794.349059784671,726.2134120893226,3153.631683718756
t1041,0.0,0.0,0.0,0.0,0.0,0.0,0.0,6815.230168658354,726.2134120893226,3153.631683718756
t1042,0.0,0.0,0.0,0.0,0.0,0.0,0.0,6688.841541428018,726.2134120893226,3153.631683718756
t1043,0.0,0.0,0.0,0.0,0.0,0.0,0.0,6688.841541428018,726.2134120893226,3771.6491346917546
t1044,0.0,0.0,0.0,0.0,0.0,0.0,0.0,7799.32938102304,726.2134120893226,3771.6491346917546
t1045,0.0,0.0,0.0,0.0,0.0,0.0,0.0,7799.32938102304,726.2134120893226,3771.6491346917546
t1046,0.0,0.0,0.0,0.0,0.0,0.0,0.0,8913.968197095564,726.2134120893226,4337.27461449281
t1047,0.0,0.0,0.0,0.0,0.0,0.0,0.0,8913.968197095564,726.2134120893226,4337.27461449281
t1048,0.0,0.0,0.0,0.0,0.0,0.0,0.0,8913.968197095564,726.2134120893226,4337.27461449281
t1049,0.0,0.0,0.0,0.0,0.0,0.0,0.0,9626.813378242805,762.4328479113317,4337.27461449281
t1050,0.0,0.0,0.0,0.0,0.0,0.0,0.0,9126.952438021828,508.2885652742212,4337.27461449281
t1051,0.0,0.0,0.0,0.0,0.0,0.0,0.0,7240.687086908625,508.2885652742212,4337.27461449281
t1052,0.0,0.0,0.0,0.0,0.0,0.0,0.0,5189.350219417621,390.17744026472525,4337.27461449281
t1053,0.0,0.0,0.0,0.0,0.0,0.0,0.0,3138.0133519266165,254.14428263711054,3403.362304813615
t1054,0.0,0.0,0.0,0.0,0.0,0.0,0.0,1206.7049215256843,0.0,2636.7491716555464
t1055,0.0,0.0,0.0,0.0,0.0,0.0,0.0,29.31367913155941,0.0,2636.7491716555464
t1056,0.0,0.0,0.0,0.0,0.0,0.0,0.0,341.1728562678449,0.0,2636.7491716555464
t1057,0.0,0.0,0.0,0.0,0.0,0.0,0.0,2077.4243809122313,215.10772082405038,2738.317037863277
t1058,0.0,0.0,0.0,0.0,0.0,0.0,0.0,3813.675905556617,215.10772082405038,3552.951223859613
t1059,0.0,0.0,0.0,0.0,0.0,0.0,0.0,5549.9274302010035,360.77045512709395,4441.648049975123
t1060,0.0,0.0,0.0,0.0,0.0,0.0,0.0,7286.178954845389,575.8781759511443,4961.392552660573
t1061,0.0,0.0,0.0,0.0,0.0,0.0,0.0,9022.430479489774,762.4328479113317,4961.392552660573
t1062,0.0,0.0,0.0,0.0,0.0,0.0,0.0,9626.813378242805,762.4328479113317,4961.392552660573
t1063,0.0,0.0,0.0,0.0,0.0,0.0,0.0,8712.051344171241,618.8216334922258,4961.392552660573
t1064,0.0,0.0,0.0,0.0,0.0,0.0,0.0,6660.714476680237,508.28856527422107,4961.392552660573
t1065,0.0,0.0,0.0,0.0,0.0,0.0,0.0,6088.392490681561,254.14428263711054,4961.392552660573
t1066,0.0,0.0,0.0,0.0,0.0,0.0,0.0,6088.392490681561,254.14428263711054,4961.392552660573
t1067,0.0,0.0,0.0,0.0,0.0,0.0,0.0,6631.8459691901335,254.14428263711054,4961.392552660573
t1068,0.0,0.0,0.0,0.0,0.0,0.0,0.0,6997.889693779268,254.14428263711054,4961.392552660573
t1069,0.0,0.0,0.0,0.0,0.0,0.0,0.0,7727.3303087879785,254.14428263711054,4961.392552660573
t1070,0.0,0.0,0.0,0.0,0.0,0.0,0.0,8074.346050532775,254.14428263711054,4961.392552660573
t1071,0.0,0.0,0.0,0.0,0.0,0.0,0.0,8264.841151112145,254.14428263711054,4961.392552660573
t1072,0.0,0.0,0.0,0.0,0.0,0.0,0.0,8926.869157720841,254.14428263711054,4961.392552660573
t1073,0.0,0.0,0.0,0.0,0.0,0.0,0.0,8012.17087534665,254.14428263711054,4961.392552660573
t1074,0.0,0.0,0.0,0.0,0.0,0.0,0.0,5960.834007855645,254.14428263711054,4961.392552660573
t1075,0.0,0.0,0.0,0.0,0.0,0.0,0.0,5960.834007855645,254.14428263711054,4961.392552660573
t1076,0.0,0.0,0.0,0.0,0.0,0.0,0.0,5960.834007855645,254.14428263711054,4961.392552660573
t1077,0.0,0.0,0.0,0.0,0.0,0.0,0.0,5960.834007855645,254.14428263711054,4961.392552660573
t1078,0.0,0.0,0.0,0.0,0.0,0.0,0.0,5960.834007855645,254.14428263711054,4961.392552660573
t1079,0.0,0.0,0.0,0.0,0.0,0.0,0.0,3909.497140364641,254.14428263711054,4961.392552660573
t1080,0.0,0.0,0.0,0.0,0.0,0.0,0.0,3909.497140364641,254.14428263711054,4961.392552660573
t1081,0.0,0.0,0.0,0.0,0.0,0.0,0.0,3909.497140364641,254.14428263711054,4961.392552660573
t1082,0.0,0.0,0.0,0.0,0.0,0.0,0.0,3909.497140364641,254.14428263711054,4961.392552660573
t1083,0.0,0.0,0.0,0.0,0.0,0.0,0.0,3909.497140364641,254.14428263711054,4961.392552660573
t1084,0.0,0.0,0.0,0.0,0.0,0.0,0.0,3280.4033569234716,254.14428263711054,4816.53584571694
t1085,0.0,0.0,0.0,0.0,0.0,0.0,0.0,3280.4033569234716,254.14428263711054,4530.368412515467
t1086,0.0,0.0,0.0,0.0,0.0,0.0,0.0,3280.4033569234716,254.14428263711054,4325.819723909755
t1087,0.0,0.0,0.0,0.0,0.0,0.0,0.0,3280.4033569234716,254.14428263711054,3750.932176432317
t1088,0.0,0.0,0.0,0.0,0.0,0.0,0.0,3280.4033569234716,254.14428263711054,3149.917861940609
t1089,0.0,0.0,0.0,0.0,0.0,0.0,0.0,3217.106554236664,0.0,2099.945241293739
t1090,0.0,0.0,0.0,0.0,0.0,0.0,0.0,3217.106554236664,0.0,1049.9726206468695
t1091,0.0,0.0,0.0,0.0,0.0,0.0,0.0,3217.106554236664,0.0,0.0
t1092,0.0,0.0,0.0,0.0,0.0,0.0,0.0,3217.106554236664,0.0,0.0
t1093,0.0,0.0,0.0,0.0,0.0,0.0,0.0,3217.106554236664,0.0,0.0
t1094,0.0,0.0,0.0,0.0,0.0,0.0,0.0,2051.3368674910043,0.0,0.0
t1095,0.0,0.0,0.0,0.0,0.0,0.0,0.0,2051.3368674910043,0.0,0.0
t1096,0.0,0.0,0.0,0.0,0.0,0.0,0.0,2051.3368674910043,0.0,0.0
t1097,0.0,0.0,0.0,0.0,0.0,0.0,0.0,2051.3368674910043,0.0,0.0
t1098,0.0,0.0,0.0,0.0,0.0,0.0,0.0,2051.3368674910043,0.0,0.0
t1099,0.0,0.0,0.0,0.0,0.0,0.0,0.0,0.0,0.0,0.0
t1100,0.0,0.0,0.0,0.0,0.0,0.0,0.0,0.0,0.0,0.0
t1101,0.0,0.0,0.0,0.0,0.0,0.0,0.0,0.0,0.0,0.0
t1102,0.0,0.0,0.0,0.0,0.0,0.0,0.0,0.0,0.0,0.0
t1103,0.0,0.0,0.0,0.0,0.0,0.0,0.0,690.4724965919902,0.0,0.0
t1104,0.0,0.0,0.0,0.0,0.0,0.0,0.0,2426.7240212363763,79.618308540307,468.14407912272566
t1105,0.0,0.0,0.0,0.0,0.0,0.0,0.0,2426.7240212363763,79.618308540307,468.14407912272566
t1106,0.0,0.0,0.0,0.0,0.0,0.0,0.0,3696.405108676667,79.618308540307,1356.8409052382362
t1107,0.0,0.0,0.0,0.0,0.0,0.0,0.0,3696.405108676667,79.618308540307,1356.8409052382362
t1108,0.0,0.0,0.0,0.0,0.0,0.0,0.0,3696.405108676667,294.7260293643574,1356.8409052382362
t1109,0.0,0.0,0.0,0.0,0.0,0.0,0.0,5190.1409620476425,352.9950761419809,2245.5377313537465
t1110,0.0,0.0,0.0,0.0,0.0,0.0,0.0,5190.1409620476425,352.9950761419809,2245.5377313537465
t1111,0.0,0.0,0.0,0.0,0.0,0.0,0.0,5190.1409620476425,352.9950761419809,2245.5377313537465
t1112,0.0,0.0,0.0,0.0,0.0,0.0,0.0,4628.205143210041,352.9950761419809,2245.5377313537465
t1113,0.0,0.0,0.0,0.0,0.0,0.0,0.0,4418.058804309647,352.9950761419809,2245.5377313537465
t1114,0.0,0.0,0.0,0.0,0.0,0.0,0.0,4418.058804309647,547.3251270872813,3134.234557469257
t1115,0.0,0.0,0.0,0.0,0.0,0.0,0.0,6154.310328954032,547.3251270872813,3134.234557469257
t1116,0.0,0.0,0.0,0.0,0.0,0.0,0.0,6154.310328954032,547.3251270872813,3134.234557469257
t1117,0.0,0.0,0.0,0.0,0.0,0.0,0.0,7890.561853598419,547.3251270872813,3884.452898993831
t1118,0.0,0.0,0.0,0.0,0.0,0.0,0.0,7890.561853598419,547.3251270872813,3884.452898993831
t1119,0.0,0.0,0.0,0.0,0.0,0.0,0.0,9626.813378242805,762.4328479113317,4425.082002017567
t1120,0.0,0.0,0.0,0.0,0.0,0.0,0.0,9626.813378242805,762.4328479113317,4425.082002017567
t1121,0.0,0.0,0.0,0.0,0.0,0.0,0.0,9626.813378242805,762.4328479113317,4961.392552660573
t1122,0.0,0.0,0.0,0.0,0.0,0.0,0.0,7575.4765107518,508.28856527422107,4167.458292573768
t1123,0.0,0.0,0.0,0.0,0.0,0.0,0.0,5524.139643260795,508.28856527422107,4104.681081967353
t1124,0.0,0.0,0.0,0.0,0.0,0.0,0.0,3472.8027757697914,254.14428263711054,3054.708461320484
t1125,0.0,0.0,0.0,0.0,0.0,0.0,0.0,1421.4659082787869,254.14428263711054,2004.7358406736143
t1126,0.0,0.0,0.0,0.0,0.0,0.0,0.0,735.2459479122176,254.14428263711054,2004.7358406736143
t1127,0.0,0.0,0.0,0.0,0.0,0.0,0.0,735.2459479122176,254.14428263711054,2004.7358406736143
t1128,0.0,0.0,0.0,0.0,0.0,0.0,0.0,735.2459479122176,254.14428263711054,2004.7358406736143
t1129,0.0,0.0,0.0,0.0,0.0,0.0,0.0,735.2459479122176,254.14428263711054,2004.7358406736143
t1130,0.0,0.0,0.0,0.0,0.0,0.0,0.0,1407.6585637546973,254.14428263711054,2004.7358406736143
t1131,0.0,0.0,0.0,0.0,0.0,0.0,0.0,2429.079398776696,254.14428263711054,2004.7358406736143
t1132,0.0,0.0,0.0,0.0,0.0,0.0,0.0,3438.834189686874,254.14428263711054,2004.7358406736143
t1133,0.0,0.0,0.0,0.0,0.0,0.0,0.0,4605.077960858875,254.14428263711054,2004.7358406736143
t1134,0.0,0.0,0.0,0.0,0.0,0.0,0.0,4806.156502528817,254.14428263711054,2004.7358406736143
t1135,0.0,0.0,0.0,0.0,0.0,0.0,0.0,4102.673734982009,0.0,2004.7358406736143
t1136,0.0,0.0,0.0,0.0,0.0,0.0,0.0,2051.3368674910043,0.0,1300.740484081242
t1137,0.0,0.0,0.0,0.0,0.0,0.0,0.0,0.0,0.0,660.1092776082116
t1138,0.0,0.0,0.0,0.0,0.0,0.0,0.0,0.0,0.0,0.0
t1139,0.0,0.0,0.0,0.0,0.0,0.0,0.0,573.6260763035674,0.0,0.0
t1140,0.0,0.0,0.0,0.0,0.0,0.0,0.0,923.3925188767287,0.0,0.0
t1141,0.0,0.0,0.0,0.0,0.0,0.0,0.0,923.3925188767287,0.0,0.0
t1142,0.0,0.0,0.0,0.0,0.0,0.0,0.0,923.3925188767287,0.0,0.0
t1143,0.0,0.0,0.0,0.0,0.0,0.0,0.0,923.3925188767287,0.0,0.0
t1144,0.0,0.0,0.0,0.0,0.0,0.0,0.0,923.3925188767287,0.0,0.0
t1145,0.0,0.0,0.0,0.0,0.0,0.0,0.0,923.3925188767287,0.0,0.0
t1146,0.0,0.0,0.0,0.0,0.0,0.0,0.0,125.69895117200173,0.0,0.0
t1147,0.0,0.0,0.0,0.0,0.0,0.0,0.0,0.0,0.0,0.0
t1148,0.0,0.0,0.0,0.0,0.0,0.0,0.0,0.0,0.0,0.0
t1149,0.0,0.0,0.0,0.0,0.0,0.0,0.0,89.62589502841965,0.0,0.0
t1150,0.0,0.0,0.0,0.0,0.0,0.0,0.0,89.62589502841965,0.0,0.0
t1151,0.0,0.0,0.0,0.0,0.0,0.0,0.0,89.62589502841965,0.0,0.0
t1152,0.0,0.0,0.0,0.0,0.0,0.0,0.0,89.62589502841965,0.0,0.0
t1153,0.0,0.0,0.0,0.0,0.0,0.0,0.0,89.62589502841965,0.0,0.0
t1154,0.0,0.0,0.0,0.0,0.0,0.0,0.0,89.62589502841965,0.0,888.6968261155105
t1155,0.0,0.0,0.0,0.0,0.0,0.0,0.0,89.62589502841965,0.0,888.6968261155105
t1156,0.0,0.0,0.0,0.0,0.0,0.0,0.0,291.1902966369351,0.0,888.6968261155105
t1157,0.0,0.0,0.0,0.0,0.0,0.0,0.0,402.2977924894721,0.0,888.6968261155105
t1158,0.0,0.0,0.0,0.0,0.0,0.0,0.0,402.2977924894721,0.0,888.6968261155105
t1159,0.0,0.0,0.0,0.0,0.0,0.0,0.0,402.2977924894721,215.10772082405038,1777.393652231021
t1160,0.0,0.0,0.0,0.0,0.0,0.0,0.0,402.2977924894721,215.10772082405038,1777.393652231021
t1161,0.0,0.0,0.0,0.0,0.0,0.0,0.0,402.2977924894721,215.10772082405038,1777.393652231021
t1162,0.0,0.0,0.0,0.0,0.0,0.0,0.0,402.2977924894721,215.10772082405038,1777.393652231021
t1163,0.0,0.0,0.0,0.0,0.0,0.0,0.0,916.7422319193001,215.10772082405038,1777.393652231021
t1164,0.0,0.0,0.0,0.0,0.0,0.0,0.0,2652.9937565636865,215.10772082405038,1777.393652231021
t1165,0.0,0.0,0.0,0.0,0.0,0.0,0.0,3275.489352347633,215.10772082405038,1777.393652231021
t1166,0.0,0.0,0.0,0.0,0.0,0.0,0.0,4063.4340381061697,215.10772082405038,1777.393652231021
t1167,0.0,0.0,0.0,0.0,0.0,0.0,0.0,4607.313959794736,215.10772082405038,1777.393652231021
t1168,0.0,0.0,0.0,0.0,0.0,0.0,0.0,4607.313959794736,215.10772082405038,1777.393652231021
t1169,0.0,0.0,0.0,0.0,0.0,0.0,0.0,5407.079269249114,430.21544164810075,2264.9348576032457
t1170,0.0,0.0,0.0,0.0,0.0,0.0,0.0,5242.388765996106,430.21544164810075,2264.9348576032457
t1171,0.0,0.0,0.0,0.0,0.0,0.0,0.0,5189.259769569085,430.21544164810075,2264.9348576032457
t1172,0.0,0.0,0.0,0.0,0.0,0.0,0.0,5189.259769569085,430.21544164810075,2264.9348576032457
t1173,0.0,0.0,0.0,0.0,0.0,0.0,0.0,5189.259769569085,430.21544164810075,2264.9348576032457
t1174,0.0,0.0,0.0,0.0,0.0,0.0,0.0,5189.259769569085,430.21544164810075,2264.9348576032457
t1175,0.0,0.0,0.0,0.0,0.0,0.0,0.0,5189.259769569085,430.21544164810075,2264.9348576032457
t1176,0.0,0.0,0.0,0.0,0.0,0.0,0.0,5189.259769569085,430.21544164810075,2264.9348576032457
t1177,0.0,0.0,0.0,0.0,0.0,0.0,0.0,3372.2179116926063,231.70688654261807,4478.803086963623
t1178,0.0,0.0,0.0,0.0,0.0,0.0,0.0,5108.469436336993,446.81460736666844,4961.392552660573
t1179,0.0,0.0,0.0,0.0,0.0,0.0,0.0,6844.720960981379,446.81460736666844,4961.392552660573
t1180,0.0,0.0,0.0,0.0,0.0,0.0,0.0,8580.972485625765,547.3251270872813,4961.392552660573
t1181,0.0,0.0,0.0,0.0,0.0,0.0,0.0,9626.813378242805,547.3251270872813,4961.392552660573
t1182,0.0,0.0,0.0,0.0,0.0,0.0,0.0,9626.813378242805,762.4328479113317,4961.392552660573
t1183,0.0,0.0,0.0,0.0,0.0,0.0,0.0,7987.037696211458,508.2885652742212,4961.392552660573
t1184,0.0,0.0,0.0,0.0,0.0,0.0,0.0,6310.104682579734,508.2885652742212,3911.419932013703
t1185,0.0,0.0,0.0,0.0,0.0,0.0,0.0,4258.76781508873,508.2885652742212,2861.4473113668337
t1186,0.0,0.0,0.0,0.0,0.0,0.0,0.0,4258.76781508873,403.92339682508407,2861.4473113668337
t1187,0.0,0.0,0.0,0.0,0.0,0.0,0.0,4258.76781508873,149.77911418797353,2168.0635103921027
t1188,0.0,0.0,0.0,0.0,0.0,0.0,0.0,3493.3907003686977,149.77911418797353,2168.0635103921027
t1189,0.0,0.0,0.0,0.0,0.0,0.0,0.0,3861.80367545645,149.77911418797353,2168.0635103921027
t1190,0.0,0.0,0.0,0.0,0.0,0.0,0.0,5056.738436635137,149.77911418797353,2168.0635103921027
t1191,0.0,0.0,0.0,0.0,0.0,0.0,0.0,6792.989961279523,254.14428263711054,2168.0635103921027
t1192,0.0,0.0,0.0,0.0,0.0,0.0,0.0,6969.484493384821,254.14428263711054,2168.0635103921027
t1193,0.0,0.0,0.0,0.0,0.0,0.0,0.0,6339.2698305590775,254.14428263711054,2168.0635103921027
t1194,0.0,0.0,0.0,0.0,0.0,0.0,0.0,4956.9520872620715,254.14428263711054,1247.7451571791453
t1195,0.0,0.0,0.0,0.0,0.0,0.0,0.0,2905.615219771067,254.14428263711054,647.434887393839
t1196,0.0,0.0,0.0,0.0,0.0,0.0,0.0,1082.9759789157208,254.14428263711054,647.434887393839
t1197,0.0,0.0,0.0,0.0,0.0,0.0,0.0,0.0,0.0,585.3380792895343
t1198,0.0,0.0,0.0,0.0,0.0,0.0,0.0,0.0,0.0,585.3380792895343
t1199,0.0,0.0,0.0,0.0,0.0,0.0,0.0,0.0,0.0,0.0
t1200,0.0,0.0,0.0,0.0,0.0,0.0,0.0,0.0,0.0,0.0
t1201,0.0,0.0,0.0,0.0,0.0,0.0,0.0,127.74756438904777,0.0,0.0
t1202,0.0,0.0,0.0,0.0,0.0,0.0,0.0,1863.9990890334338,215.10772082405038,0.0
t1203,0.0,0.0,0.0,0.0,0.0,0.0,0.0,1863.9990890334338,215.10772082405038,0.0
t1204,0.0,0.0,0.0,0.0,0.0,0.0,0.0,1863.9990890334338,215.10772082405038,0.0
t1205,0.0,0.0,0.0,0.0,0.0,0.0,0.0,1863.9990890334338,215.10772082405038,0.0
t1206,0.0,0.0,0.0,0.0,0.0,0.0,0.0,1863.9990890334338,215.10772082405038,0.0
t1207,0.0,0.0,0.0,0.0,0.0,0.0,0.0,2877.0627164826747,215.10772082405038,707.9111313300472
t1208,0.0,0.0,0.0,0.0,0.0,0.0,0.0,2877.0627164826747,215.10772082405038,707.9111313300472
t1209,0.0,0.0,0.0,0.0,0.0,0.0,0.0,2877.0627164826747,215.10772082405038,707.9111313300472
t1210,0.0,0.0,0.0,0.0,0.0,0.0,0.0,2877.0627164826747,215.10772082405038,707.9111313300472
t1211,0.0,0.0,0.0,0.0,0.0,0.0,0.0,2877.0627164826747,215.10772082405038,707.9111313300472
t1212,0.0,0.0,0.0,0.0,0.0,0.0,0.0,4613.31424112706,215.10772082405038,707.9111313300472
t1213,0.0,0.0,0.0,0.0,0.0,0.0,0.0,4613.31424112706,215.10772082405038,707.9111313300472
t1214,0.0,0.0,0.0,0.0,0.0,0.0,0.0,4912.325515815145,215.10772082405038,707.9111313300472
t1215,0.0,0.0,0.0,0.0,0.0,0.0,0.0,4972.081368075582,215.10772082405038,707.9111313300472
t1216,0.0,0.0,0.0,0.0,0.0,0.0,0.0,4972.081368075582,215.10772082405038,707.9111313300472
t1217,0.0,0.0,0.0,0.0,0.0,0.0,0.0,6328.79307359293,215.10772082405038,707.9111313300472
t1218,0.0,0.0,0.0,0.0,0.0,0.0,0.0,5117.132423917034,215.10772082405038,707.9111313300472
t1219,0.0,0.0,0.0,0.0,0.0,0.0,0.0,3657.53966045129,215.10772082405038,707.9111313300472
t1220,0.0,0.0,0.0,0.0,0.0,0.0,0.0,2964.839960457588,215.10772082405038,707.9111313300472
t1221,0.0,0.0,0.0,0.0,0.0,0.0,0.0,2375.1426575758583,215.10772082405038,707.9111313300472
t1222,0.0,0.0,0.0,0.0,0.0,0.0,0.0,2375.1426575758583,234.41241683274038,1257.4300050008858
t1223,0.0,0.0,0.0,0.0,0.0,0.0,0.0,3129.73043401226,234.41241683274038,1257.4300050008858
t1224,0.0,0.0,0.0,0.0,0.0,0.0,0.0,3129.73043401226,234.41241683274038,1257.4300050008858
t1225,0.0,0.0,0.0,0.0,0.0,0.0,0.0,3129.73043401226,234.41241683274038,1257.4300050008858
t1226,0.0,0.0,0.0,0.0,0.0,0.0,0.0,3129.73043401226,234.41241683274038,1257.4300050008858
t1227,0.0,0.0,0.0,0.0,0.0,0.0,0.0,3129.73043401226,234.41241683274038,1257.4300050008858
t1228,0.0,0.0,0.0,0.0,0.0,0.0,0.0,3129.73043401226,234.41241683274038,1257.4300050008858
t1229,0.0,0.0,0.0,0.0,0.0,0.0,0.0,3129.73043401226,234.41241683274038,1257.4300050008858
t1230,0.0,0.0,0.0,0.0,0.0,0.0,0.0,3129.73043401226,234.41241683274038,1257.4300050008858
t1231,0.0,0.0,0.0,0.0,0.0,0.0,0.0,3129.73043401226,234.41241683274038,1257.4300050008858
t1232,0.0,0.0,0.0,0.0,0.0,0.0,0.0,4622.429964410162,234.41241683274038,1257.4300050008858
t1233,0.0,0.0,0.0,0.0,0.0,0.0,0.0,4622.429964410162,234.41241683274038,1257.4300050008858
t1234,0.0,0.0,0.0,0.0,0.0,0.0,0.0,4622.429964410162,234.41241683274038,1257.4300050008858
t1235,0.0,0.0,0.0,0.0,0.0,0.0,0.0,4671.215133944478,234.41241683274038,1257.4300050008858
t1236,0.0,0.0,0.0,0.0,0.0,0.0,0.0,4825.659481793172,234.41241683274038,1257.4300050008858
t1237,0.0,0.0,0.0,0.0,0.0,0.0,0.0,6561.911006437557,234.41241683274038,2146.1268311163963
t1238,0.0,0.0,0.0,0.0,0.0,0.0,0.0,6988.649485046325,311.86931654451485,2146.1268311163963
t1239,0.0,0.0,0.0,0.0,0.0,0.0,0.0,7287.390327586633,311.86931654451485,2146.1268311163963
t1240,0.0,0.0,0.0,0.0,0.0,0.0,0.0,7287.390327586633,311.86931654451485,2146.1268311163963
t1241,0.0,0.0,0.0,0.0,0.0,0.0,0.0,7287.390327586633,311.86931654451485,2146.1268311163963
t1242,0.0,0.0,0.0,0.0,0.0,0.0,0.0,6305.216052077721,311.86931654451485,2704.3696281953985
t1243,0.0,0.0,0.0,0.0,0.0,0.0,0.0,4714.540000418227,311.86931654451485,2704.3696281953985
t1244,0.0,0.0,0.0,0.0,0.0,0.0,0.0,3019.9286157570386,311.86931654451485,2704.3696281953985
t1245,0.0,0.0,0.0,0.0,0.0,0.0,0.0,1894.3009164034147,311.86931654451485,2704.3696281953985
t1246,0.0,0.0,0.0,0.0,0.0,0.0,0.0,1894.3009164034147,408.9493017423369,2704.3696281953985
t1247,0.0,0.0,0.0,0.0,0.0,0.0,0.0,2827.5302949282172,408.9493017423369,2704.3696281953985
t1248,0.0,0.0,0.0,0.0,0.0,0.0,0.0,2827.5302949282172,408.9493017423369,2704.3696281953985
t1249,0.0,0.0,0.0,0.0,0.0,0.0,0.0,2827.5302949282172,408.9493017423369,2704.3696281953985
t1250,0.0,0.0,0.0,0.0,0.0,0.0,0.0,2827.5302949282172,408.9493017423369,2704.3696281953985
t1251,0.0,0.0,0.0,0.0,0.0,0.0,0.0,2827.5302949282172,408.9493017423369,2704.3696281953985
t1252,0.0,0.0,0.0,0.0,0.0,0.0,0.0,4563.781819572603,624.0570225663873,3516.9504369258443
t1253,0.0,0.0,0.0,0.0,0.0,0.0,0.0,4563.781819572603,624.0570225663873,3516.9504369258443
t1254,0.0,0.0,0.0,0.0,0.0,0.0,0.0,4563.781819572603,624.0570225663873,3516.9504369258443
t1255,0.0,0.0,0.0,0.0,0.0,0.0,0.0,4563.781819572603,624.0570225663873,3516.9504369258443
t1256,0.0,0.0,0.0,0.0,0.0,0.0,0.0,4192.230776179769,624.0570225663873,3516.9504369258443
t1257,0.0,0.0,0.0,0.0,0.0,0.0,0.0,2140.8939086887654,369.9127399292767,3297.910293143808
t1258,0.0,0.0,0.0,0.0,0.0,0.0,0.0,3877.1454333331512,547.3251270872813,3297.910293143808
t1259,0.0,0.0,0.0,0.0,0.0,0.0,0.0,3877.1454333331512,547.3251270872813,3297.910293143808
t1260,0.0,0.0,0.0,0.0,0.0,0.0,0.0,5613.396957977538,547.3251270872813,3297.910293143808
t1261,0.0,0.0,0.0,0.0,0.0,0.0,0.0,5774.832446857371,547.3251270872813,3297.910293143808
t1262,0.0,0.0,0.0,0.0,0.0,0.0,0.0,7511.083971501756,762.4328479113317,4186.607119259318
t1263,0.0,0.0,0.0,0.0,0.0,0.0,0.0,7890.561853598419,762.4328479113317,4186.607119259318
t1264,0.0,0.0,0.0,0.0,0.0,0.0,0.0,9626.813378242805,762.4328479113317,4186.607119259318
t1265,0.0,0.0,0.0,0.0,0.0,0.0,0.0,9626.813378242805,762.4328479113317,4186.607119259318
t1266,0.0,0.0,0.0,0.0,0.0,0.0,0.0,8558.15740477297,508.28856527422107,4186.607119259318
t1267,0.0,0.0,0.0,0.0,0.0,0.0,0.0,6506.820537281966,254.14428263711054,4186.607119259318
t1268,0.0,0.0,0.0,0.0,0.0,0.0,0.0,4455.483669790961,254.14428263711054,4186.607119259318
t1269,0.0,0.0,0.0,0.0,0.0,0.0,0.0,4455.483669790961,254.14428263711054,4186.607119259318
t1270,0.0,0.0,0.0,0.0,0.0,0.0,0.0,4455.483669790961,254.14428263711054,4186.607119259318
t1271,0.0,0.0,0.0,0.0,0.0,0.0,0.0,4455.483669790961,254.14428263711054,4186.607119259318
t1272,0.0,0.0,0.0,0.0,0.0,0.0,0.0,4599.0229914677875,254.14428263711054,4961.392552660573
t1273,0.0,0.0,0.0,0.0,0.0,0.0,0.0,5549.138797683894,254.14428263711054,4961.392552660573
t1274,0.0,0.0,0.0,0.0,0.0,0.0,0.0,6322.525299855396,254.14428263711054,4961.392552660573
t1275,0.0,0.0,0.0,0.0,0.0,0.0,0.0,6893.326895103291,254.14428263711054,4961.392552660573
t1276,0.0,0.0,0.0,0.0,0.0,0.0,0.0,6893.326895103291,254.14428263711054,4935.137942256903
t1277,0.0,0.0,0.0,0.0,0.0,0.0,0.0,6098.776969562127,254.14428263711054,4560.556999527409
t1278,0.0,0.0,0.0,0.0,0.0,0.0,0.0,4047.440102071123,254.14428263711054,4560.556999527409
t1279,0.0,0.0,0.0,0.0,0.0,0.0,0.0,4047.440102071123,254.14428263711054,4560.556999527409
t1280,0.0,0.0,0.0,0.0,0.0,0.0,0.0,3437.802288337213,254.14428263711054,4173.950646631686
t1281,0.0,0.0,0.0,0.0,0.0,0.0,0.0,2705.365739851397,254.14428263711054,3149.917861940609
t1282,0.0,0.0,0.0,0.0,0.0,0.0,0.0,654.0288723603927,0.0,2099.945241293739
t1283,0.0,0.0,0.0,0.0,0.0,0.0,0.0,654.0288723603927,0.0,1049.9726206468695
t1284,0.0,0.0,0.0,0.0,0.0,0.0,0.0,654.0288723603927,0.0,0.0
t1285,0.0,0.0,0.0,0.0,0.0,0.0,0.0,54.97687432694542,0.0,0.0
t1286,0.0,0.0,0.0,0.0,0.0,0.0,0.0,1606.0348108625176,0.0,0.0
t1287,0.0,0.0,0.0,0.0,0.0,0.0,0.0,3342.2863355069035,82.74763630399706,0.0
t1288,0.0,0.0,0.0,0.0,0.0,0.0,0.0,4968.817221649511,82.74763630399706,0.0
t1289,0.0,0.0,0.0,0.0,0.0,0.0,0.0,5278.723735268477,82.74763630399706,498.25929040931004
t1290,0.0,0.0,0.0,0.0,0.0,0.0,0.0,3262.7184311859373,82.74763630399706,498.25929040931004
t1291,0.0,0.0,0.0,0.0,0.0,0.0,0.0,3262.7184311859373,82.74763630399706,498.25929040931004
t1292,0.0,0.0,0.0,0.0,0.0,0.0,0.0,1211.381563694933,0.0,1386.9561165248206
t1293,0.0,0.0,0.0,0.0,0.0,0.0,0.0,1211.381563694933,0.0,1386.9561165248206
t1294,0.0,0.0,0.0,0.0,0.0,0.0,0.0,0.0,0.0,1386.9561165248206
t1295,0.0,0.0,0.0,0.0,0.0,0.0,0.0,0.0,92.72362882246077,1386.9561165248206
t1296,0.0,0.0,0.0,0.0,0.0,0.0,0.0,0.0,92.72362882246077,1386.9561165248206
t1297,0.0,0.0,0.0,0.0,0.0,0.0,0.0,1736.251524644386,307.83134964651117,2275.6529426403313
t1298,0.0,0.0,0.0,0.0,0.0,0.0,0.0,3472.503049288772,307.83134964651117,2275.6529426403313
t1299,0.0,0.0,0.0,0.0,0.0,0.0,0.0,5208.754573933159,480.93750652585874,2275.6529426403313
t1300,0.0,0.0,0.0,0.0,0.0,0.0,0.0,6945.006098577544,508.28856527422107,2275.6529426403313
t1301,0.0,0.0,0.0,0.0,0.0,0.0,0.0,7817.96144546787,508.28856527422107,2275.6529426403313
t1302,0.0,0.0,0.0,0.0,0.0,0.0,0.0,7194.957344257547,508.28856527422107,2275.6529426403313
t1303,0.0,0.0,0.0,0.0,0.0,0.0,0.0,5513.104821766193,508.28856527422107,2275.6529426403313
t1304,0.0,0.0,0.0,0.0,0.0,0.0,0.0,3461.7679542751885,254.14428263711054,1584.4806186894082
t1305,0.0,0.0,0.0,0.0,0.0,0.0,0.0,1410.4310867841843,0.0,1182.9808359777912
t1306,0.0,0.0,0.0,0.0,0.0,0.0,0.0,192.25519889139787,0.0,1182.9808359777912
t1307,0.0,0.0,0.0,0.0,0.0,0.0,0.0,1435.7734768333817,0.0,1317.1129993093614
t1308,0.0,0.0,0.0,0.0,0.0,0.0,0.0,2084.992813258308,0.0,1317.1129993093614
t1309,0.0,0.0,0.0,0.0,0.0,0.0,0.0,3102.072974979101,0.0,1317.1129993093614
t1310,0.0,0.0,0.0,0.0,0.0,0.0,0.0,4838.324499623487,0.0,1317.1129993093614
t1311,0.0,0.0,0.0,0.0,0.0,0.0,0.0,4838.324499623487,0.0,1317.1129993093614
t1312,0.0,0.0,0.0,0.0,0.0,0.0,0.0,6574.576024267873,0.0,2205.809825424872
t1313,0.0,0.0,0.0,0.0,0.0,0.0,0.0,8017.97875486599,0.0,2205.809825424872
t1314,0.0,0.0,0.0,0.0,0.0,0.0,0.0,7017.295506702975,0.0,2205.809825424872
t1315,0.0,0.0,0.0,0.0,0.0,0.0,0.0,5269.014699514442,0.0,2205.809825424872
t1316,0.0,0.0,0.0,0.0,0.0,0.0,0.0,3607.043056399931,0.0,2205.809825424872
t1317,0.0,0.0,0.0,0.0,0.0,0.0,0.0,1600.786486944313,0.0,2205.809825424872
t1318,0.0,0.0,0.0,0.0,0.0,0.0,0.0,191.0321878407566,0.0,2205.809825424872
t1319,0.0,0.0,0.0,0.0,0.0,0.0,0.0,0.0,0.0,2205.809825424872
t1320,0.0,0.0,0.0,0.0,0.0,0.0,0.0,112.55201479238907,215.10772082405038,2205.809825424872
t1321,0.0,0.0,0.0,0.0,0.0,0.0,0.0,1451.495923431054,215.10772082405038,2205.809825424872
t1322,0.0,0.0,0.0,0.0,0.0,0.0,0.0,3187.7474480754404,430.21544164810075,2642.0832437451736
t1323,0.0,0.0,0.0,0.0,0.0,0.0,0.0,4923.998972719826,430.21544164810075,2642.0832437451736
t1324,0.0,0.0,0.0,0.0,0.0,0.0,0.0,6660.250497364213,430.21544164810075,2642.0832437451736
t1325,0.0,0.0,0.0,0.0,0.0,0.0,0.0,6660.250497364213,430.21544164810075,2642.0832437451736
t1326,0.0,0.0,0.0,0.0,0.0,0.0,0.0,6783.506268722424,430.21544164810075,2642.0832437451736
t1327,0.0,0.0,0.0,0.0,0.0,0.0,0.0,7211.711761886024,430.21544164810075,2642.0832437451736
t1328,0.0,0.0,0.0,0.0,0.0,0.0,0.0,5160.3748943950195,341.11459378011824,2642.0832437451736
t1329,0.0,0.0,0.0,0.0,0.0,0.0,0.0,3109.038026904015,230.29977603677844,2642.0832437451736
t1330,0.0,0.0,0.0,0.0,0.0,0.0,0.0,1057.7011594130104,94.67228934468794,2642.0832437451736
t1331,0.0,0.0,0.0,0.0,0.0,0.0,0.0,1057.7011594130104,94.67228934468794,2642.0832437451736
t1332,0.0,0.0,0.0,0.0,0.0,0.0,0.0,2793.9526840573967,309.78001016873833,2701.4094347326018
t1333,0.0,0.0,0.0,0.0,0.0,0.0,0.0,4530.204208701783,309.78001016873833,2701.4094347326018
t1334,0.0,0.0,0.0,0.0,0.0,0.0,0.0,6266.455733346168,309.78001016873833,3590.1062608481125
t1335,0.0,0.0,0.0,0.0,0.0,0.0,0.0,6266.455733346168,309.78001016873833,3590.1062608481125
t1336,0.0,0.0,0.0,0.0,0.0,0.0,0.0,8002.707257990554,309.78001016873833,3590.1062608481125
t1337,0.0,0.0,0.0,0.0,0.0,0.0,0.0,9626.813378242805,524.8877309927888,3590.1062608481125
t1338,0.0,0.0,0.0,0.0,0.0,0.0,0.0,9118.9304953308,524.8877309927888,3590.1062608481125
t1339,0.0,0.0,0.0,0.0,0.0,0.0,0.0,7067.593627839795,270.7434483556782,3590.1062608481125
t1340,0.0,0.0,0.0,0.0,0.0,0.0,0.0,5016.2567603487905,16.599165718567676,3590.1062608481125
t1341,0.0,0.0,0.0,0.0,0.0,0.0,0.0,3054.8938618897578,16.599165718567676,3590.1062608481125
t1342,0.0,0.0,0.0,0.0,0.0,0.0,0.0,1939.1208860097174,16.599165718567676,4478.803086963623
t1343,0.0,0.0,0.0,0.0,0.0,0.0,0.0,1649.536125030167,16.599165718567676,4478.803086963623
t1344,0.0,0.0,0.0,0.0,0.0,0.0,0.0,2188.8463745225295,16.599165718567676,4478.803086963623
t1345,0.0,0.0,0.0,0.0,0.0,0.0,0.0,0.0,0.0,25.049051958807244
t1346,0.0,0.0,0.0,0.0,0.0,0.0,0.0,0.0,0.0,25.049051958807244
t1347,0.0,0.0,0.0,0.0,0.0,0.0,0.0,0.0,0.0,25.049051958807244
t1348,0.0,0.0,0.0,0.0,0.0,0.0,0.0,0.0,0.0,25.049051958807244
t1349,0.0,0.0,0.0,0.0,0.0,0.0,0.0,0.0,0.0,25.049051958807244
t1350,0.0,0.0,0.0,0.0,0.0,0.0,0.0,0.0,0.0,656.3964160589243
t1351,0.0,0.0,0.0,0.0,0.0,0.0,0.0,0.0,0.0,656.3964160589243
t1352,0.0,0.0,0.0,0.0,0.0,0.0,0.0,0.0,0.0,656.3964160589243
t1353,0.0,0.0,0.0,0.0,0.0,0.0,0.0,0.0,0.0,656.3964160589243
t1354,0.0,0.0,0.0,0.0,0.0,0.0,0.0,0.0,0.0,656.3964160589243
t1355,0.0,0.0,0.0,0.0,0.0,0.0,0.0,0.0,0.0,656.3964160589243
t1356,0.0,0.0,0.0,0.0,0.0,0.0,0.0,0.0,0.0,656.3964160589243
t1357,0.0,0.0,0.0,0.0,0.0,0.0,0.0,0.0,0.0,656.3964160589243
t1358,0.0,0.0,0.0,0.0,0.0,0.0,0.0,0.0,0.0,656.3964160589243
t1359,0.0,0.0,0.0,0.0,0.0,0.0,0.0,0.0,0.0,656.3964160589243
t1360,0.0,0.0,0.0,0.0,0.0,0.0,0.0,0.0,0.0,656.3964160589243
t1361,0.0,0.0,0.0,0.0,0.0,0.0,0.0,0.0,0.0,656.3964160589243
t1362,0.0,0.0,0.0,0.0,0.0,0.0,0.0,0.0,0.0,0.0
t1363,0.0,0.0,0.0,0.0,0.0,0.0,0.0,0.0,0.0,0.0
t1364,0.0,0.0,0.0,0.0,0.0,0.0,0.0,0.0,0.0,0.0
t1365,0.0,0.0,0.0,0.0,0.0,0.0,0.0,0.0,0.0,0.0
t1366,0.0,0.0,0.0,0.0,0.0,0.0,0.0,0.0,0.0,0.0
t1367,0.0,0.0,0.0,0.0,0.0,0.0,0.0,0.0,0.0,0.0
t1368,0.0,0.0,0.0,0.0,0.0,0.0,0.0,0.0,0.0,0.0
t1369,0.0,0.0,0.0,0.0,0.0,0.0,0.0,174.0433173325567,0.0,888.6968261155105
t1370,0.0,0.0,0.0,0.0,0.0,0.0,0.0,717.1817964956352,0.0,1777.393652231021
t1371,0.0,0.0,0.0,0.0,0.0,0.0,0.0,717.1817964956352,0.0,2395.526443907893
t1372,0.0,0.0,0.0,0.0,0.0,0.0,0.0,877.5530302051774,0.0,3284.2232700234035
t1373,0.0,0.0,0.0,0.0,0.0,0.0,0.0,1196.0698386841025,0.0,4172.920096138914
t1374,0.0,0.0,0.0,0.0,0.0,0.0,0.0,1196.0698386841025,0.0,4757.120321951401
t1375,0.0,0.0,0.0,0.0,0.0,0.0,0.0,1196.0698386841025,0.0,4757.120321951401
t1376,0.0,0.0,0.0,0.0,0.0,0.0,0.0,1196.0698386841025,0.0,4757.120321951401
t1377,0.0,0.0,0.0,0.0,0.0,0.0,0.0,1196.0698386841025,0.0,4757.120321951401
t1378,0.0,0.0,0.0,0.0,0.0,0.0,0.0,1196.0698386841025,0.0,4757.120321951401
t1379,0.0,0.0,0.0,0.0,0.0,0.0,0.0,1196.0698386841025,0.0,4757.120321951401
t1380,0.0,0.0,0.0,0.0,0.0,0.0,0.0,1196.0698386841025,0.0,4757.120321951401
t1381,0.0,0.0,0.0,0.0,0.0,0.0,0.0,1196.0698386841025,0.0,4757.120321951401
t1382,0.0,0.0,0.0,0.0,0.0,0.0,0.0,1196.0698386841025,0.0,4757.120321951401
t1383,0.0,0.0,0.0,0.0,0.0,0.0,0.0,1196.0698386841025,0.0,4757.120321951401
t1384,0.0,0.0,0.0,0.0,0.0,0.0,0.0,1196.0698386841025,0.0,4757.120321951401
t1385,0.0,0.0,0.0,0.0,0.0,0.0,0.0,1196.0698386841025,0.0,4757.120321951401
t1386,0.0,0.0,0.0,0.0,0.0,0.0,0.0,1196.0698386841025,0.0,4136.950184772241
t1387,0.0,0.0,0.0,0.0,0.0,0.0,0.0,1196.0698386841025,0.0,3110.947005001214
t1388,0.0,0.0,0.0,0.0,0.0,0.0,0.0,1196.0698386841025,0.0,2429.2992197602102
t1389,0.0,0.0,0.0,0.0,0.0,0.0,0.0,1196.0698386841025,0.0,1813.606126716953
t1390,0.0,0.0,0.0,0.0,0.0,0.0,0.0,1196.0698386841025,0.0,1626.4016443264604
t1391,0.0,0.0,0.0,0.0,0.0,0.0,0.0,1196.0698386841025,0.0,1974.232505912541
t1392,0.0,0.0,0.0,0.0,0.0,0.0,0.0,1196.0698386841025,0.0,1974.232505912541
t1393,0.0,0.0,0.0,0.0,0.0,0.0,0.0,1196.0698386841025,0.0,2377.9848161027653
t1394,0.0,0.0,0.0,0.0,0.0,0.0,0.0,1196.0698386841025,0.0,2377.9848161027653
t1395,0.0,0.0,0.0,0.0,0.0,0.0,0.0,1196.0698386841025,0.0,3023.4472692309428
t1396,0.0,0.0,0.0,0.0,0.0,0.0,0.0,1196.0698386841025,0.0,3912.1440953464535
t1397,0.0,0.0,0.0,0.0,0.0,0.0,0.0,1196.0698386841025,0.0,3912.1440953464535
t1398,0.0,0.0,0.0,0.0,0.0,0.0,0.0,1196.0698386841025,0.0,4649.398265245781
t1399,0.0,0.0,0.0,0.0,0.0,0.0,0.0,1196.0698386841025,0.0,4649.398265245781
t1400,0.0,0.0,0.0,0.0,0.0,0.0,0.0,1196.0698386841025,0.0,4649.398265245781
t1401,0.0,0.0,0.0,0.0,0.0,0.0,0.0,1196.0698386841025,0.0,4649.398265245781
t1402,0.0,0.0,0.0,0.0,0.0,0.0,0.0,1196.0698386841025,0.0,4649.398265245781
t1403,0.0,0.0,0.0,0.0,0.0,0.0,0.0,1196.0698386841025,0.0,4649.398265245781
t1404,0.0,0.0,0.0,0.0,0.0,0.0,0.0,1196.0698386841025,0.0,4514.464682003782
t1405,0.0,0.0,0.0,0.0,0.0,0.0,0.0,1196.0698386841025,0.0,3858.0753700878513
t1406,0.0,0.0,0.0,0.0,0.0,0.0,0.0,1191.6703006894859,0.0,2808.102749440982
t1407,0.0,0.0,0.0,0.0,0.0,0.0,0.0,1191.6703006894859,0.0,2219.9354660183167
t1408,0.0,0.0,0.0,0.0,0.0,0.0,0.0,1191.6703006894859,0.0,1437.5237049766854
t1409,0.0,0.0,0.0,0.0,0.0,0.0,0.0,606.2095612879367,0.0,950.2324266730488
t1410,0.0,0.0,0.0,0.0,0.0,0.0,0.0,606.2095612879367,0.0,832.1974271977546
t1411,0.0,0.0,0.0,0.0,0.0,0.0,0.0,606.2095612879367,0.0,832.1974271977546
t1412,0.0,0.0,0.0,0.0,0.0,0.0,0.0,606.2095612879367,0.0,1119.4980549754346
t1413,0.0,0.0,0.0,0.0,0.0,0.0,0.0,606.2095612879367,0.0,1119.4980549754346
t1414,0.0,0.0,0.0,0.0,0.0,0.0,0.0,606.2095612879367,0.0,1119.4980549754346
t1415,0.0,0.0,0.0,0.0,0.0,0.0,0.0,606.2095612879367,0.0,1747.5865872466068
t1416,0.0,0.0,0.0,0.0,0.0,0.0,0.0,606.2095612879367,0.0,2578.424063603298
t1417,0.0,0.0,0.0,0.0,0.0,0.0,0.0,606.2095612879367,0.0,2578.424063603298
t1418,0.0,0.0,0.0,0.0,0.0,0.0,0.0,606.2095612879367,0.0,2578.424063603298
t1419,0.0,0.0,0.0,0.0,0.0,0.0,0.0,606.2095612879367,0.0,2578.424063603298
t1420,0.0,0.0,0.0,0.0,0.0,0.0,0.0,606.2095612879367,0.0,2578.424063603298
t1421,0.0,0.0,0.0,0.0,0.0,0.0,0.0,606.2095612879367,0.0,3183.998900429551
t1422,0.0,0.0,0.0,0.0,0.0,0.0,0.0,606.2095612879367,0.0,4072.695726545062
t1423,0.0,0.0,0.0,0.0,0.0,0.0,0.0,606.2095612879367,0.0,4961.392552660573
t1424,0.0,0.0,0.0,0.0,0.0,0.0,0.0,606.2095612879367,0.0,4961.392552660573
t1425,0.0,0.0,0.0,0.0,0.0,0.0,0.0,606.2095612879367,0.0,4961.392552660573
t1426,0.0,0.0,0.0,0.0,0.0,0.0,0.0,606.2095612879367,0.0,4961.392552660573
t1427,0.0,0.0,0.0,0.0,0.0,0.0,0.0,606.2095612879367,0.0,4961.392552660573
t1428,0.0,0.0,0.0,0.0,0.0,0.0,0.0,606.2095612879367,0.0,4961.392552660573
t1429,0.0,0.0,0.0,0.0,0.0,0.0,0.0,606.2095612879367,0.0,4961.392552660573
t1430,0.0,0.0,0.0,0.0,0.0,0.0,0.0,606.2095612879367,0.0,4961.392552660573
t1431,0.0,0.0,0.0,0.0,0.0,0.0,0.0,414.6485181545234,0.0,4610.476168625009
t1432,0.0,0.0,0.0,0.0,0.0,0.0,0.0,414.6485181545234,0.0,3560.50354797814
t1433,0.0,0.0,0.0,0.0,0.0,0.0,0.0,414.6485181545234,0.0,2510.5309273312705
t1434,0.0,0.0,0.0,0.0,0.0,0.0,0.0,414.6485181545234,0.0,2510.5309273312705
t1435,0.0,0.0,0.0,0.0,0.0,0.0,0.0,0.0,0.0,1460.5583066844008
t1436,0.0,0.0,0.0,0.0,0.0,0.0,0.0,0.0,0.0,643.4282602602307
t1437,0.0,0.0,0.0,0.0,0.0,0.0,0.0,0.0,0.0,643.4282602602307
t1438,0.0,0.0,0.0,0.0,0.0,0.0,0.0,0.0,0.0,0.0
t1439,0.0,0.0,0.0,0.0,0.0,0.0,0.0,0.0,0.0,0.0
t1440,0.0,0.0,0.0,0.0,0.0,0.0,0.0,0.0,0.0,118.31284343474735
t1441,0.0,0.0,0.0,0.0,0.0,0.0,0.0,0.0,0.0,496.16125458744744
t1442,0.0,0.0,0.0,0.0,0.0,0.0,0.0,0.0,0.0,496.16125458744744
t1443,0.0,0.0,0.0,0.0,0.0,0.0,0.0,0.0,0.0,733.9804081606709
t1444,0.0,0.0,0.0,0.0,0.0,0.0,0.0,0.0,0.0,733.9804081606709
t1445,0.0,0.0,0.0,0.0,0.0,0.0,0.0,0.0,0.0,1622.6772342761815
t1446,0.0,0.0,0.0,0.0,0.0,0.0,0.0,0.0,0.0,2511.374060391692
t1447,0.0,0.0,0.0,0.0,0.0,0.0,0.0,0.0,0.0,2511.374060391692
t1448,0.0,0.0,0.0,0.0,0.0,0.0,0.0,0.0,0.0,2511.374060391692
t1449,0.0,0.0,0.0,0.0,0.0,0.0,0.0,0.0,0.0,2511.374060391692
t1450,0.0,0.0,0.0,0.0,0.0,0.0,0.0,0.0,0.0,2511.374060391692
t1451,0.0,0.0,0.0,0.0,0.0,0.0,0.0,0.0,0.0,2511.374060391692
t1452,0.0,0.0,0.0,0.0,0.0,0.0,0.0,0.0,0.0,2511.374060391692
t1453,0.0,0.0,0.0,0.0,0.0,0.0,0.0,0.0,0.0,2257.403137994392
t1454,0.0,0.0,0.0,0.0,0.0,0.0,0.0,0.0,0.0,2014.9860831229093
t1455,0.0,0.0,0.0,0.0,0.0,0.0,0.0,0.0,0.0,1710.9770266604942
t1456,0.0,0.0,0.0,0.0,0.0,0.0,0.0,0.0,0.0,965.2717430417521
t1457,0.0,0.0,0.0,0.0,0.0,0.0,0.0,0.0,0.0,535.0752843219601
t1458,0.0,0.0,0.0,0.0,0.0,0.0,0.0,0.0,0.0,10.727600095448764
t1459,0.0,0.0,0.0,0.0,0.0,0.0,0.0,0.0,0.0,10.727600095448764
t1460,0.0,0.0,0.0,0.0,0.0,0.0,0.0,0.0,0.0,10.727600095448764
t1461,0.0,0.0,0.0,0.0,0.0,0.0,0.0,0.0,0.0,10.727600095448764
t1462,0.0,0.0,0.0,0.0,0.0,0.0,0.0,0.0,0.0,155.4813645682289
t1463,0.0,0.0,0.0,0.0,0.0,0.0,0.0,0.0,0.0,155.4813645682289
t1464,0.0,0.0,0.0,0.0,0.0,0.0,0.0,0.0,0.0,155.4813645682289
t1465,0.0,0.0,0.0,0.0,0.0,0.0,0.0,0.0,0.0,746.2060903624504
t1466,0.0,0.0,0.0,0.0,0.0,0.0,0.0,0.0,0.0,995.6545930833094
t1467,0.0,0.0,0.0,0.0,0.0,0.0,0.0,0.0,0.0,1853.5620628562287
t1468,0.0,0.0,0.0,0.0,0.0,0.0,0.0,0.0,0.0,2423.1870150265327
t1469,0.0,0.0,0.0,0.0,0.0,0.0,0.0,0.0,0.0,3026.1917263620585
t1470,0.0,0.0,0.0,0.0,0.0,0.0,0.0,0.0,0.0,3914.8885524775687
t1471,0.0,0.0,0.0,0.0,0.0,0.0,0.0,0.0,0.0,3914.8885524775687
t1472,0.0,0.0,0.0,0.0,0.0,0.0,0.0,0.0,0.0,3914.8885524775687
t1473,0.0,0.0,0.0,0.0,0.0,0.0,0.0,0.0,0.0,3914.8885524775687
t1474,0.0,0.0,0.0,0.0,0.0,0.0,0.0,0.0,0.0,3875.6469522609
t1475,0.0,0.0,0.0,0.0,0.0,0.0,0.0,0.0,0.0,3471.819392044515
t1476,0.0,0.0,0.0,0.0,0.0,0.0,0.0,0.0,0.0,3471.819392044515
t1477,0.0,0.0,0.0,0.0,0.0,0.0,0.0,0.0,0.0,3015.41591931499
t1478,0.0,0.0,0.0,0.0,0.0,0.0,0.0,0.0,0.0,3048.7539508755613
t1479,0.0,0.0,0.0,0.0,0.0,0.0,0.0,0.0,0.0,3183.998900429551
t1480,0.0,0.0,0.0,0.0,0.0,0.0,0.0,0.0,0.0,3183.998900429551
t1481,0.0,0.0,0.0,0.0,0.0,0.0,0.0,0.0,0.0,3183.998900429551
t1482,0.0,0.0,0.0,0.0,0.0,0.0,0.0,0.0,0.0,3183.998900429551
t1483,0.0,0.0,0.0,0.0,0.0,0.0,0.0,0.0,0.0,3183.998900429551
t1484,0.0,0.0,0.0,0.0,0.0,0.0,0.0,0.0,0.0,3183.998900429551
t1485,0.0,0.0,0.0,0.0,0.0,0.0,0.0,0.0,0.0,3183.998900429551
t1486,0.0,0.0,0.0,0.0,0.0,0.0,0.0,0.0,0.0,3183.998900429551
t1487,0.0,0.0,0.0,0.0,0.0,0.0,0.0,0.0,0.0,4072.695726545062
t1488,0.0,0.0,0.0,0.0,0.0,0.0,0.0,0.0,0.0,4072.695726545062
t1489,0.0,0.0,0.0,0.0,0.0,0.0,0.0,0.0,0.0,4072.695726545062
t1490,0.0,0.0,0.0,0.0,0.0,0.0,0.0,0.0,0.0,4961.392552660573
t1491,0.0,0.0,0.0,0.0,0.0,0.0,0.0,0.0,0.0,4961.392552660573
t1492,0.0,0.0,0.0,0.0,0.0,0.0,0.0,0.0,0.0,4961.392552660573
t1493,0.0,0.0,0.0,0.0,0.0,0.0,0.0,0.0,0.0,4961.392552660573
t1494,0.0,0.0,0.0,0.0,0.0,0.0,0.0,0.0,0.0,4961.392552660573
t1495,0.0,0.0,0.0,0.0,0.0,0.0,0.0,0.0,0.0,4961.392552660573
t1496,0.0,0.0,0.0,0.0,0.0,0.0,0.0,0.0,0.0,4291.543536050542
t1497,0.0,0.0,0.0,0.0,0.0,0.0,0.0,0.0,0.0,3736.382090880994
t1498,0.0,0.0,0.0,0.0,0.0,0.0,0.0,0.0,0.0,3736.382090880994
t1499,0.0,0.0,0.0,0.0,0.0,0.0,0.0,0.0,0.0,3522.0162602659116
t1500,0.0,0.0,0.0,0.0,0.0,0.0,0.0,0.0,0.0,2472.0436396190426
t1501,0.0,0.0,0.0,0.0,0.0,0.0,0.0,0.0,0.0,2472.0436396190426
t1502,0.0,0.0,0.0,0.0,0.0,0.0,0.0,0.0,0.0,2472.0436396190426
t1503,0.0,0.0,0.0,0.0,0.0,0.0,0.0,0.0,0.0,1422.0710189721729
t1504,0.0,0.0,0.0,0.0,0.0,0.0,0.0,0.0,0.0,1422.0710189721729
t1505,0.0,0.0,0.0,0.0,0.0,0.0,0.0,0.0,0.0,372.0983983253032
t1506,0.0,0.0,0.0,0.0,0.0,0.0,0.0,0.0,0.0,20.736778435373832
t1507,0.0,0.0,0.0,0.0,0.0,0.0,0.0,0.0,0.0,0.0
t1508,0.0,0.0,0.0,0.0,0.0,0.0,0.0,0.0,0.0,0.0
t1509,0.0,0.0,0.0,0.0,0.0,0.0,0.0,0.0,0.0,0.0
t1510,0.0,0.0,0.0,0.0,0.0,0.0,0.0,0.0,0.0,0.0
t1511,0.0,0.0,0.0,0.0,0.0,0.0,0.0,0.0,0.0,0.0
t1512,0.0,0.0,0.0,0.0,0.0,0.0,0.0,0.0,0.0,0.0
t1513,0.0,0.0,0.0,0.0,0.0,0.0,0.0,143.08946436973858,0.0,0.0
t1514,0.0,0.0,0.0,0.0,0.0,0.0,0.0,561.5640441909965,0.0,0.0
t1515,0.0,0.0,0.0,0.0,0.0,0.0,0.0,786.5644734403636,0.0,0.0
t1516,0.0,0.0,0.0,0.0,0.0,0.0,0.0,1106.6213106506784,0.0,0.0
t1517,0.0,0.0,0.0,0.0,0.0,0.0,0.0,1346.129021106953,0.0,0.0
t1518,0.0,0.0,0.0,0.0,0.0,0.0,0.0,1015.9017277970623,0.0,0.0
t1519,0.0,0.0,0.0,0.0,0.0,0.0,0.0,96.99218380631469,0.0,0.0
t1520,0.0,0.0,0.0,0.0,0.0,0.0,0.0,353.1340765953798,0.0,0.0
t1521,0.0,0.0,0.0,0.0,0.0,0.0,0.0,1145.0065736172057,0.0,0.0
t1522,0.0,0.0,0.0,0.0,0.0,0.0,0.0,1765.573605089697,0.0,0.0
t1523,0.0,0.0,0.0,0.0,0.0,0.0,0.0,2517.2275871244406,0.0,0.0
t1524,0.0,0.0,0.0,0.0,0.0,0.0,0.0,3137.842242803514,0.0,0.0
t1525,0.0,0.0,0.0,0.0,0.0,0.0,0.0,4647.366057174367,0.0,0.0
t1526,0.0,0.0,0.0,0.0,0.0,0.0,0.0,6383.617581818752,215.10772082405038,888.6968261155105
t1527,0.0,0.0,0.0,0.0,0.0,0.0,0.0,8119.869106463138,430.21544164810075,1335.6385927022022
t1528,0.0,0.0,0.0,0.0,0.0,0.0,0.0,8905.963431409575,430.21544164810075,1335.6385927022022
t1529,0.0,0.0,0.0,0.0,0.0,0.0,0.0,8425.313117116228,254.14428263711054,1335.6385927022022
t1530,0.0,0.0,0.0,0.0,0.0,0.0,0.0,6798.769831137322,254.14428263711054,1049.9726206468695
t1531,0.0,0.0,0.0,0.0,0.0,0.0,0.0,4836.40721110993,254.14428263711054,1049.9726206468695
t1532,0.0,0.0,0.0,0.0,0.0,0.0,0.0,4836.40721110993,254.14428263711054,1049.9726206468695
t1533,0.0,0.0,0.0,0.0,0.0,0.0,0.0,3631.2001841966585,0.0,1049.9726206468695
t1534,0.0,0.0,0.0,0.0,0.0,0.0,0.0,1579.8633167056541,0.0,1049.9726206468695
t1535,0.0,0.0,0.0,0.0,0.0,0.0,0.0,1006.3178599491212,0.0,0.0
t1536,0.0,0.0,0.0,0.0,0.0,0.0,0.0,1006.3178599491212,0.0,0.0
t1537,0.0,0.0,0.0,0.0,0.0,0.0,0.0,1006.3178599491212,0.0,0.0
t1538,0.0,0.0,0.0,0.0,0.0,0.0,0.0,1006.3178599491212,0.0,0.0
t1539,0.0,0.0,0.0,0.0,0.0,0.0,0.0,0.0,0.0,0.0
t1540,0.0,0.0,0.0,0.0,0.0,0.0,0.0,0.0,0.0,0.0
t1541,0.0,0.0,0.0,0.0,0.0,0.0,0.0,0.0,74.1815852655378,0.0
t1542,0.0,0.0,0.0,0.0,0.0,0.0,0.0,0.0,74.1815852655378,0.0
t1543,0.0,0.0,0.0,0.0,0.0,0.0,0.0,0.0,289.2893060895882,561.9942566226754
t1544,0.0,0.0,0.0,0.0,0.0,0.0,0.0,433.17508465046944,289.2893060895882,1450.6910827381857
t1545,0.0,0.0,0.0,0.0,0.0,0.0,0.0,2169.4266092948556,289.2893060895882,1450.6910827381857
t1546,0.0,0.0,0.0,0.0,0.0,0.0,0.0,3498.492789235015,301.99051953714496,2339.387908853696
t1547,0.0,0.0,0.0,0.0,0.0,0.0,0.0,4984.839029058353,301.99051953714496,2339.387908853696
t1548,0.0,0.0,0.0,0.0,0.0,0.0,0.0,6375.424227030519,517.0982403611954,3228.0847349692067
t1549,0.0,0.0,0.0,0.0,0.0,0.0,0.0,7249.686165792222,517.0982403611954,3228.0847349692067
t1550,0.0,0.0,0.0,0.0,0.0,0.0,0.0,8308.194807793274,517.0982403611954,4116.7815610847165
t1551,0.0,0.0,0.0,0.0,0.0,0.0,0.0,8696.401686217003,732.2059611852458,4116.7815610847165
t1552,0.0,0.0,0.0,0.0,0.0,0.0,0.0,9626.813378242805,732.2059611852458,4961.392552660573
t1553,0.0,0.0,0.0,0.0,0.0,0.0,0.0,9626.813378242805,762.4328479113317,4961.392552660573
t1554,0.0,0.0,0.0,0.0,0.0,0.0,0.0,7575.4765107518,508.2885652742212,3911.419932013703
t1555,0.0,0.0,0.0,0.0,0.0,0.0,0.0,5524.139643260795,508.2885652742212,3911.419932013703
t1556,0.0,0.0,0.0,0.0,0.0,0.0,0.0,3472.8027757697914,293.1808444501707,3379.5700628992045
t1557,0.0,0.0,0.0,0.0,0.0,0.0,0.0,3472.8027757697914,293.1808444501707,3379.5700628992045
t1558,0.0,0.0,0.0,0.0,0.0,0.0,0.0,3368.1090941099505,293.1808444501707,3379.5700628992045
t1559,0.0,0.0,0.0,0.0,0.0,0.0,0.0,5018.183324444712,293.1808444501707,4072.695726545062
t1560,0.0,0.0,0.0,0.0,0.0,0.0,0.0,6754.434849089098,508.28856527422107,4961.392552660573
t1561,0.0,0.0,0.0,0.0,0.0,0.0,0.0,5126.058123755612,508.28856527422107,4035.982165722037
t1562,0.0,0.0,0.0,0.0,0.0,0.0,0.0,6716.716836513618,508.28856527422107,4924.678991837547
t1563,0.0,0.0,0.0,0.0,0.0,0.0,0.0,8104.435355796063,508.28856527422107,4924.678991837547
t1564,0.0,0.0,0.0,0.0,0.0,0.0,0.0,8518.030433108492,508.28856527422107,4961.392552660573
t1565,0.0,0.0,0.0,0.0,0.0,0.0,0.0,8508.982735796779,508.28856527422107,4961.392552660573
t1566,0.0,0.0,0.0,0.0,0.0,0.0,0.0,7206.01582158216,254.14428263711054,4961.392552660573
t1567,0.0,0.0,0.0,0.0,0.0,0.0,0.0,7206.01582158216,254.14428263711054,4840.628578988968
t1568,0.0,0.0,0.0,0.0,0.0,0.0,0.0,5154.678954091156,254.14428263711054,4210.161080742569
t1569,0.0,0.0,0.0,0.0,0.0,0.0,0.0,5154.678954091156,254.14428263711054,4210.161080742569
t1570,0.0,0.0,0.0,0.0,0.0,0.0,0.0,5154.678954091156,254.14428263711054,3160.188460095699
t1571,0.0,0.0,0.0,0.0,0.0,0.0,0.0,5154.678954091156,254.14428263711054,2222.876198037108
t1572,0.0,0.0,0.0,0.0,0.0,0.0,0.0,5154.678954091156,254.14428263711054,2222.876198037108
t1573,0.0,0.0,0.0,0.0,0.0,0.0,0.0,3232.538953552118,0.0,1172.9035773902388
t1574,0.0,0.0,0.0,0.0,0.0,0.0,0.0,3232.538953552118,0.0,122.93095674336939
t1575,0.0,0.0,0.0,0.0,0.0,0.0,0.0,3232.538953552118,0.0,122.93095674336939
t1576,0.0,0.0,0.0,0.0,0.0,0.0,0.0,3232.538953552118,0.0,122.93095674336939
t1577,0.0,0.0,0.0,0.0,0.0,0.0,0.0,3232.538953552118,0.0,122.93095674336939
t1578,0.0,0.0,0.0,0.0,0.0,0.0,0.0,1181.2020860611137,0.0,122.93095674336939
t1579,0.0,0.0,0.0,0.0,0.0,0.0,0.0,493.30127233647613,0.0,0.0
t1580,0.0,0.0,0.0,0.0,0.0,0.0,0.0,0.0,0.0,0.0
t1581,0.0,0.0,0.0,0.0,0.0,0.0,0.0,0.0,0.0,0.0
t1582,0.0,0.0,0.0,0.0,0.0,0.0,0.0,0.0,0.0,0.0
t1583,0.0,0.0,0.0,0.0,0.0,0.0,0.0,0.0,0.0,0.0
t1584,0.0,0.0,0.0,0.0,0.0,0.0,0.0,782.7257578981224,0.0,888.6968261155105
t1585,0.0,0.0,0.0,0.0,0.0,0.0,0.0,2518.9772825425084,0.0,888.6968261155105
t1586,0.0,0.0,0.0,0.0,0.0,0.0,0.0,2518.9772825425084,0.0,888.6968261155105
t1587,0.0,0.0,0.0,0.0,0.0,0.0,0.0,2518.9772825425084,0.0,888.6968261155105
t1588,0.0,0.0,0.0,0.0,0.0,0.0,0.0,4255.228807186895,215.10772082405038,1406.60524819853
t1589,0.0,0.0,0.0,0.0,0.0,0.0,0.0,4255.228807186895,215.10772082405038,1406.60524819853
t1590,0.0,0.0,0.0,0.0,0.0,0.0,0.0,4255.228807186895,215.10772082405038,1406.60524819853
t1591,0.0,0.0,0.0,0.0,0.0,0.0,0.0,4255.228807186895,215.10772082405038,1406.60524819853
t1592,0.0,0.0,0.0,0.0,0.0,0.0,0.0,4255.228807186895,215.10772082405038,1406.60524819853
t1593,0.0,0.0,0.0,0.0,0.0,0.0,0.0,4998.939859444927,215.10772082405038,2295.3020743140405
t1594,0.0,0.0,0.0,0.0,0.0,0.0,0.0,4998.939859444927,215.10772082405038,2295.3020743140405
t1595,0.0,0.0,0.0,0.0,0.0,0.0,0.0,4998.939859444927,215.10772082405038,2295.3020743140405
t1596,0.0,0.0,0.0,0.0,0.0,0.0,0.0,4998.939859444927,215.10772082405038,2295.3020743140405
t1597,0.0,0.0,0.0,0.0,0.0,0.0,0.0,4998.939859444927,215.10772082405038,2295.3020743140405
t1598,0.0,0.0,0.0,0.0,0.0,0.0,0.0,6735.191384089313,430.21544164810075,2295.3020743140405
t1599,0.0,0.0,0.0,0.0,0.0,0.0,0.0,6735.191384089313,430.21544164810075,2295.3020743140405
t1600,0.0,0.0,0.0,0.0,0.0,0.0,0.0,6735.191384089313,430.21544164810075,2295.3020743140405
t1601,0.0,0.0,0.0,0.0,0.0,0.0,0.0,6735.191384089313,430.21544164810075,2295.3020743140405
t1602,0.0,0.0,0.0,0.0,0.0,0.0,0.0,6220.265339840344,430.21544164810075,2295.3020743140405
t1603,0.0,0.0,0.0,0.0,0.0,0.0,0.0,4420.90526392712,430.21544164810075,3183.998900429551
t1604,0.0,0.0,0.0,0.0,0.0,0.0,0.0,2760.8015954464395,430.21544164810075,3183.998900429551
t1605,0.0,0.0,0.0,0.0,0.0,0.0,0.0,2028.4624721896903,430.21544164810075,3183.998900429551
t1606,0.0,0.0,0.0,0.0,0.0,0.0,0.0,2475.8526918738894,430.21544164810075,3183.998900429551
t1607,0.0,0.0,0.0,0.0,0.0,0.0,0.0,2475.8526918738894,430.21544164810075,3183.998900429551
t1608,0.0,0.0,0.0,0.0,0.0,0.0,0.0,4212.104216518275,547.3251270872813,4072.695726545062
t1609,0.0,0.0,0.0,0.0,0.0,0.0,0.0,4212.104216518275,547.3251270872813,4072.695726545062
t1610,0.0,0.0,0.0,0.0,0.0,0.0,0.0,5948.355741162662,547.3251270872813,4072.695726545062
t1611,0.0,0.0,0.0,0.0,0.0,0.0,0.0,6071.568971639663,547.3251270872813,4072.695726545062
t1612,0.0,0.0,0.0,0.0,0.0,0.0,0.0,7807.820496284049,547.3251270872813,4072.695726545062
t1613,0.0,0.0,0.0,0.0,0.0,0.0,0.0,9544.072020928435,762.4328479113317,4961.392552660573
t1614,0.0,0.0,0.0,0.0,0.0,0.0,0.0,9544.072020928435,762.4328479113317,4961.392552660573
t1615,0.0,0.0,0.0,0.0,0.0,0.0,0.0,9626.813378242805,762.4328479113317,4961.392552660573
t1616,0.0,0.0,0.0,0.0,0.0,0.0,0.0,9626.813378242805,762.4328479113317,4961.392552660573
t1617,0.0,0.0,0.0,0.0,0.0,0.0,0.0,9426.063704512973,508.28856527422107,4672.5127004008045
t1618,0.0,0.0,0.0,0.0,0.0,0.0,0.0,9082.375541001693,254.14428263711054,4672.5127004008045
t1619,0.0,0.0,0.0,0.0,0.0,0.0,0.0,9082.375541001693,254.14428263711054,4199.890482587478
t1620,0.0,0.0,0.0,0.0,0.0,0.0,0.0,7798.055998945365,254.14428263711054,4199.890482587478
t1621,0.0,0.0,0.0,0.0,0.0,0.0,0.0,7798.055998945365,254.14428263711054,4199.890482587478
t1622,0.0,0.0,0.0,0.0,0.0,0.0,0.0,7242.256447431643,254.14428263711054,4199.890482587478
t1623,0.0,0.0,0.0,0.0,0.0,0.0,0.0,6139.459344812241,254.14428263711054,3149.917861940609
t1624,0.0,0.0,0.0,0.0,0.0,0.0,0.0,4102.673734982009,254.14428263711054,3149.917861940609
t1625,0.0,0.0,0.0,0.0,0.0,0.0,0.0,4102.673734982009,254.14428263711054,3149.917861940609
t1626,0.0,0.0,0.0,0.0,0.0,0.0,0.0,4102.673734982009,254.14428263711054,2099.945241293739
t1627,0.0,0.0,0.0,0.0,0.0,0.0,0.0,2051.3368674910043,254.14428263711054,2099.945241293739
t1628,0.0,0.0,0.0,0.0,0.0,0.0,0.0,0.0,0.0,1049.9726206468695
t1629,0.0,0.0,0.0,0.0,0.0,0.0,0.0,0.0,0.0,1049.9726206468695
t1630,0.0,0.0,0.0,0.0,0.0,0.0,0.0,0.0,0.0,0.0
t1631,0.0,0.0,0.0,0.0,0.0,0.0,0.0,0.0,0.0,0.0
t1632,0.0,0.0,0.0,0.0,0.0,0.0,0.0,0.0,0.0,0.0
t1633,0.0,0.0,0.0,0.0,0.0,0.0,0.0,1228.6606624204044,215.10772082405038,0.0
t1634,0.0,0.0,0.0,0.0,0.0,0.0,0.0,2065.820134208712,332.21740626323094,888.6968261155105
t1635,0.0,0.0,0.0,0.0,0.0,0.0,0.0,2805.6077133739573,332.21740626323094,1777.393652231021
t1636,0.0,0.0,0.0,0.0,0.0,0.0,0.0,4541.859238018344,332.21740626323094,1777.393652231021
t1637,0.0,0.0,0.0,0.0,0.0,0.0,0.0,4889.069193559289,332.21740626323094,1777.393652231021
t1638,0.0,0.0,0.0,0.0,0.0,0.0,0.0,5724.398269023547,332.21740626323094,2666.090478346531
t1639,0.0,0.0,0.0,0.0,0.0,0.0,0.0,5724.398269023547,332.21740626323094,2666.090478346531
t1640,0.0,0.0,0.0,0.0,0.0,0.0,0.0,5724.398269023547,332.21740626323094,2666.090478346531
t1641,0.0,0.0,0.0,0.0,0.0,0.0,0.0,6183.27356239762,332.21740626323094,3183.998900429551
t1642,0.0,0.0,0.0,0.0,0.0,0.0,0.0,6183.27356239762,332.21740626323094,3183.998900429551
t1643,0.0,0.0,0.0,0.0,0.0,0.0,0.0,7296.191757030155,547.3251270872813,3183.998900429551
t1644,0.0,0.0,0.0,0.0,0.0,0.0,0.0,8458.559038263997,547.3251270872813,4072.695726545062
t1645,0.0,0.0,0.0,0.0,0.0,0.0,0.0,9626.813378242805,547.3251270872813,4961.392552660573
t1646,0.0,0.0,0.0,0.0,0.0,0.0,0.0,9626.813378242805,547.3251270872813,4961.392552660573
t1647,0.0,0.0,0.0,0.0,0.0,0.0,0.0,9626.813378242805,762.4328479113317,4961.392552660573
t1648,0.0,0.0,0.0,0.0,0.0,0.0,0.0,9249.200164105394,508.2885652742212,4615.534429361952
t1649,0.0,0.0,0.0,0.0,0.0,0.0,0.0,7197.86329661439,508.2885652742212,4615.534429361952
t1650,0.0,0.0,0.0,0.0,0.0,0.0,0.0,7152.34380908466,508.2885652742212,4615.534429361952
t1651,0.0,0.0,0.0,0.0,0.0,0.0,0.0,7152.34380908466,508.2885652742212,4615.534429361952
t1652,0.0,0.0,0.0,0.0,0.0,0.0,0.0,7152.34380908466,508.2885652742212,4615.534429361952
t1653,0.0,0.0,0.0,0.0,0.0,0.0,0.0,5101.006941593655,254.14428263711054,4615.534429361952
t1654,0.0,0.0,0.0,0.0,0.0,0.0,0.0,5101.006941593655,254.14428263711054,4615.534429361952
t1655,0.0,0.0,0.0,0.0,0.0,0.0,0.0,5101.006941593655,254.14428263711054,4615.534429361952
t1656,0.0,0.0,0.0,0.0,0.0,0.0,0.0,5101.006941593655,254.14428263711054,4615.534429361952
t1657,0.0,0.0,0.0,0.0,0.0,0.0,0.0,5253.148515895844,254.14428263711054,4615.534429361952
t1658,0.0,0.0,0.0,0.0,0.0,0.0,0.0,5253.148515895844,254.14428263711054,4084.148805867952
t1659,0.0,0.0,0.0,0.0,0.0,0.0,0.0,5373.227052506045,254.14428263711054,4084.148805867952
t1660,0.0,0.0,0.0,0.0,0.0,0.0,0.0,5373.227052506045,254.14428263711054,4084.148805867952
t1661,0.0,0.0,0.0,0.0,0.0,0.0,0.0,5373.227052506045,254.14428263711054,4084.148805867952
t1662,0.0,0.0,0.0,0.0,0.0,0.0,0.0,5373.227052506045,254.14428263711054,4084.148805867952
t1663,0.0,0.0,0.0,0.0,0.0,0.0,0.0,3321.8901850150405,0.0,3933.560037731869
t1664,0.0,0.0,0.0,0.0,0.0,0.0,0.0,3321.8901850150405,0.0,3637.0139803789407
t1665,0.0,0.0,0.0,0.0,0.0,0.0,0.0,3321.8901850150405,0.0,3009.9887841418463
t1666,0.0,0.0,0.0,0.0,0.0,0.0,0.0,3321.8901850150405,0.0,2194.920824690359
t1667,0.0,0.0,0.0,0.0,0.0,0.0,0.0,3321.8901850150405,0.0,1352.8655232433637
t1668,0.0,0.0,0.0,0.0,0.0,0.0,0.0,3321.8901850150405,0.0,302.892902596494
t1669,0.0,0.0,0.0,0.0,0.0,0.0,0.0,3321.8901850150405,0.0,302.892902596494
t1670,0.0,0.0,0.0,0.0,0.0,0.0,0.0,3321.8901850150405,0.0,302.892902596494
t1671,0.0,0.0,0.0,0.0,0.0,0.0,0.0,3321.8901850150405,0.0,302.892902596494
t1672,0.0,0.0,0.0,0.0,0.0,0.0,0.0,3321.8901850150405,0.0,302.892902596494
t1673,0.0,0.0,0.0,0.0,0.0,0.0,0.0,1270.553317524036,0.0,302.892902596494
t1674,0.0,0.0,0.0,0.0,0.0,0.0,0.0,1240.3104293762535,0.0,302.892902596494
t1675,0.0,0.0,0.0,0.0,0.0,0.0,0.0,1078.296182750712,0.0,302.892902596494
t1676,0.0,0.0,0.0,0.0,0.0,0.0,0.0,1006.3591136688697,0.0,302.892902596494
t1677,0.0,0.0,0.0,0.0,0.0,0.0,0.0,1006.3591136688697,0.0,302.892902596494
t1678,0.0,0.0,0.0,0.0,0.0,0.0,0.0,0.0,0.0,302.892902596494
t1679,0.0,0.0,0.0,0.0,0.0,0.0,0.0,0.0,0.0,302.892902596494
t1680,0.0,0.0,0.0,0.0,0.0,0.0,0.0,0.0,0.0,0.0
t1681,0.0,0.0,0.0,0.0,0.0,0.0,0.0,297.64267811797635,0.0,1258.4191845086123
t1682,0.0,0.0,0.0,0.0,0.0,0.0,0.0,297.64267811797635,0.0,1258.4191845086123
t1683,0.0,0.0,0.0,0.0,0.0,0.0,0.0,297.64267811797635,0.0,1258.4191845086123
t1684,0.0,0.0,0.0,0.0,0.0,0.0,0.0,297.64267811797635,0.0,1258.4191845086123
t1685,0.0,0.0,0.0,0.0,0.0,0.0,0.0,297.64267811797635,0.0,1258.4191845086123
t1686,0.0,0.0,0.0,0.0,0.0,0.0,0.0,297.64267811797635,0.0,1258.4191845086123
t1687,0.0,0.0,0.0,0.0,0.0,0.0,0.0,297.64267811797635,0.0,1258.4191845086123
t1688,0.0,0.0,0.0,0.0,0.0,0.0,0.0,297.64267811797635,0.0,1258.4191845086123
t1689,0.0,0.0,0.0,0.0,0.0,0.0,0.0,297.64267811797635,0.0,1258.4191845086123
t1690,0.0,0.0,0.0,0.0,0.0,0.0,0.0,297.64267811797635,0.0,1258.4191845086123
t1691,0.0,0.0,0.0,0.0,0.0,0.0,0.0,297.64267811797635,0.0,1258.4191845086123
t1692,0.0,0.0,0.0,0.0,0.0,0.0,0.0,297.64267811797635,0.0,1258.4191845086123
t1693,0.0,0.0,0.0,0.0,0.0,0.0,0.0,297.64267811797635,0.0,1258.4191845086123
t1694,0.0,0.0,0.0,0.0,0.0,0.0,0.0,297.64267811797635,0.0,1258.4191845086123
t1695,0.0,0.0,0.0,0.0,0.0,0.0,0.0,297.64267811797635,0.0,1258.4191845086123
t1696,0.0,0.0,0.0,0.0,0.0,0.0,0.0,297.64267811797635,0.0,1258.4191845086123
t1697,0.0,0.0,0.0,0.0,0.0,0.0,0.0,297.64267811797635,0.0,371.3705086574376
t1698,0.0,0.0,0.0,0.0,0.0,0.0,0.0,297.64267811797635,0.0,371.3705086574376
t1699,0.0,0.0,0.0,0.0,0.0,0.0,0.0,297.64267811797635,0.0,371.3705086574376
t1700,0.0,0.0,0.0,0.0,0.0,0.0,0.0,297.64267811797635,0.0,371.3705086574376
t1701,0.0,0.0,0.0,0.0,0.0,0.0,0.0,297.64267811797635,0.0,371.3705086574376
t1702,0.0,0.0,0.0,0.0,0.0,0.0,0.0,297.64267811797635,0.0,371.3705086574376
t1703,0.0,0.0,0.0,0.0,0.0,0.0,0.0,297.64267811797635,0.0,371.3705086574376
t1704,0.0,0.0,0.0,0.0,0.0,0.0,0.0,297.64267811797635,0.0,371.3705086574376
t1705,0.0,0.0,0.0,0.0,0.0,0.0,0.0,297.64267811797635,0.0,371.3705086574376
t1706,0.0,0.0,0.0,0.0,0.0,0.0,0.0,297.64267811797635,0.0,371.3705086574376
t1707,0.0,0.0,0.0,0.0,0.0,0.0,0.0,297.64267811797635,0.0,371.3705086574376
t1708,0.0,0.0,0.0,0.0,0.0,0.0,0.0,297.64267811797635,0.0,371.3705086574376
t1709,0.0,0.0,0.0,0.0,0.0,0.0,0.0,297.64267811797635,0.0,371.3705086574376
t1710,0.0,0.0,0.0,0.0,0.0,0.0,0.0,297.64267811797635,0.0,371.3705086574376
t1711,0.0,0.0,0.0,0.0,0.0,0.0,0.0,297.64267811797635,0.0,371.3705086574376
t1712,0.0,0.0,0.0,0.0,0.0,0.0,0.0,297.64267811797635,0.0,371.3705086574376
t1713,0.0,0.0,0.0,0.0,0.0,0.0,0.0,297.64267811797635,0.0,371.3705086574376
t1714,0.0,0.0,0.0,0.0,0.0,0.0,0.0,297.64267811797635,0.0,371.3705086574376
t1715,0.0,0.0,0.0,0.0,0.0,0.0,0.0,297.64267811797635,0.0,371.3705086574376
t1716,0.0,0.0,0.0,0.0,0.0,0.0,0.0,297.64267811797635,0.0,371.3705086574376
t1717,0.0,0.0,0.0,0.0,0.0,0.0,0.0,297.64267811797635,0.0,371.3705086574376
t1718,0.0,0.0,0.0,0.0,0.0,0.0,0.0,297.64267811797635,0.0,371.3705086574376
t1719,0.0,0.0,0.0,0.0,0.0,0.0,0.0,297.64267811797635,0.0,371.3705086574376
t1720,0.0,0.0,0.0,0.0,0.0,0.0,0.0,297.64267811797635,0.0,371.3705086574376
t1721,0.0,0.0,0.0,0.0,0.0,0.0,0.0,297.64267811797635,0.0,371.3705086574376
t1722,0.0,0.0,0.0,0.0,0.0,0.0,0.0,297.64267811797635,0.0,371.3705086574376
t1723,0.0,0.0,0.0,0.0,0.0,0.0,0.0,297.64267811797635,0.0,371.3705086574376
t1724,0.0,0.0,0.0,0.0,0.0,0.0,0.0,297.64267811797635,0.0,371.3705086574376
t1725,0.0,0.0,0.0,0.0,0.0,0.0,0.0,297.64267811797635,0.0,371.3705086574376
t1726,0.0,0.0,0.0,0.0,0.0,0.0,0.0,297.64267811797635,0.0,371.3705086574376
t1727,0.0,0.0,0.0,0.0,0.0,0.0,0.0,297.64267811797635,0.0,371.3705086574376
t1728,0.0,0.0,0.0,0.0,0.0,0.0,0.0,297.64267811797635,0.0,371.3705086574376
t1729,0.0,0.0,0.0,0.0,0.0,0.0,0.0,297.64267811797635,0.0,371.3705086574376
t1730,0.0,0.0,0.0,0.0,0.0,0.0,0.0,297.64267811797635,0.0,371.3705086574376
t1731,0.0,0.0,0.0,0.0,0.0,0.0,0.0,297.64267811797635,0.0,371.3705086574376
t1732,0.0,0.0,0.0,0.0,0.0,0.0,0.0,297.64267811797635,0.0,371.3705086574376
t1733,0.0,0.0,0.0,0.0,0.0,0.0,0.0,297.64267811797635,0.0,371.3705086574376
t1734,0.0,0.0,0.0,0.0,0.0,0.0,0.0,297.64267811797635,0.0,371.3705086574376
t1735,0.0,0.0,0.0,0.0,0.0,0.0,0.0,297.64267811797635,0.0,371.3705086574376
t1736,0.0,0.0,0.0,0.0,0.0,0.0,0.0,297.64267811797635,0.0,371.3705086574376
t1737,0.0,0.0,0.0,0.0,0.0,0.0,0.0,297.64267811797635,0.0,371.3705086574376
t1738,0.0,0.0,0.0,0.0,0.0,0.0,0.0,297.64267811797635,0.0,371.3705086574376
t1739,0.0,0.0,0.0,0.0,0.0,0.0,0.0,297.64267811797635,0.0,371.3705086574376
t1740,0.0,0.0,0.0,0.0,0.0,0.0,0.0,297.64267811797635,0.0,371.3705086574376
t1741,0.0,0.0,0.0,0.0,0.0,0.0,0.0,297.64267811797635,0.0,371.3705086574376
t1742,0.0,0.0,0.0,0.0,0.0,0.0,0.0,297.64267811797635,0.0,371.3705086574376
t1743,0.0,0.0,0.0,0.0,0.0,0.0,0.0,297.64267811797635,0.0,371.3705086574376
t1744,0.0,0.0,0.0,0.0,0.0,0.0,0.0,297.64267811797635,0.0,277.2545951880768
t1745,0.0,0.0,0.0,0.0,0.0,0.0,0.0,297.64267811797635,0.0,277.2545951880768
t1746,0.0,0.0,0.0,0.0,0.0,0.0,0.0,297.64267811797635,0.0,277.2545951880768
t1747,0.0,0.0,0.0,0.0,0.0,0.0,0.0,297.64267811797635,0.0,277.2545951880768
t1748,0.0,0.0,0.0,0.0,0.0,0.0,0.0,297.64267811797635,0.0,277.2545951880768
t1749,0.0,0.0,0.0,0.0,0.0,0.0,0.0,297.64267811797635,0.0,277.2545951880768
t1750,0.0,0.0,0.0,0.0,0.0,0.0,0.0,297.64267811797635,0.0,277.2545951880768
t1751,0.0,0.0,0.0,0.0,0.0,0.0,0.0,297.64267811797635,0.0,277.2545951880768
t1752,0.0,0.0,0.0,0.0,0.0,0.0,0.0,297.64267811797635,0.0,277.2545951880768
t1753,0.0,0.0,0.0,0.0,0.0,0.0,0.0,297.64267811797635,0.0,277.2545951880768
t1754,0.0,0.0,0.0,0.0,0.0,0.0,0.0,297.64267811797635,0.0,277.2545951880768
t1755,0.0,0.0,0.0,0.0,0.0,0.0,0.0,297.64267811797635,0.0,277.2545951880768
t1756,0.0,0.0,0.0,0.0,0.0,0.0,0.0,297.64267811797635,0.0,277.2545951880768
t1757,0.0,0.0,0.0,0.0,0.0,0.0,0.0,297.64267811797635,0.0,277.2545951880768
t1758,0.0,0.0,0.0,0.0,0.0,0.0,0.0,297.64267811797635,0.0,249.3142033495866
t1759,0.0,0.0,0.0,0.0,0.0,0.0,0.0,297.64267811797635,0.0,249.3142033495866
t1760,0.0,0.0,0.0,0.0,0.0,0.0,0.0,297.64267811797635,0.0,249.3142033495866
t1761,0.0,0.0,0.0,0.0,0.0,0.0,0.0,297.64267811797635,0.0,249.3142033495866
t1762,0.0,0.0,0.0,0.0,0.0,0.0,0.0,297.64267811797635,0.0,249.3142033495866
t1763,0.0,0.0,0.0,0.0,0.0,0.0,0.0,297.64267811797635,0.0,249.3142033495866
t1764,0.0,0.0,0.0,0.0,0.0,0.0,0.0,297.64267811797635,0.0,249.3142033495866
t1765,0.0,0.0,0.0,0.0,0.0,0.0,0.0,297.64267811797635,0.0,249.3142033495866
t1766,0.0,0.0,0.0,0.0,0.0,0.0,0.0,297.64267811797635,0.0,249.3142033495866
t1767,0.0,0.0,0.0,0.0,0.0,0.0,0.0,297.64267811797635,0.0,249.3142033495866
t1768,0.0,0.0,0.0,0.0,0.0,0.0,0.0,297.64267811797635,0.0,249.3142033495866
t1769,0.0,0.0,0.0,0.0,0.0,0.0,0.0,297.64267811797635,0.0,249.3142033495866
t1770,0.0,0.0,0.0,0.0,0.0,0.0,0.0,297.64267811797635,0.0,249.3142033495866
t1771,0.0,0.0,0.0,0.0,0.0,0.0,0.0,297.64267811797635,0.0,249.3142033495866
t1772,0.0,0.0,0.0,0.0,0.0,0.0,0.0,297.64267811797635,0.0,249.3142033495866
t1773,0.0,0.0,0.0,0.0,0.0,0.0,0.0,297.64267811797635,0.0,249.3142033495866
t1774,0.0,0.0,0.0,0.0,0.0,0.0,0.0,297.64267811797635,0.0,249.3142033495866
t1775,0.0,0.0,0.0,0.0,0.0,0.0,0.0,297.64267811797635,0.0,249.3142033495866
t1776,0.0,0.0,0.0,0.0,0.0,0.0,0.0,297.64267811797635,0.0,249.3142033495866
t1777,0.0,0.0,0.0,0.0,0.0,0.0,0.0,297.64267811797635,0.0,249.3142033495866
t1778,0.0,0.0,0.0,0.0,0.0,0.0,0.0,297.64267811797635,0.0,249.3142033495866
t1779,0.0,0.0,0.0,0.0,0.0,0.0,0.0,297.64267811797635,0.0,249.3142033495866
t1780,0.0,0.0,0.0,0.0,0.0,0.0,0.0,297.64267811797635,0.0,249.3142033495866
t1781,0.0,0.0,0.0,0.0,0.0,0.0,0.0,297.64267811797635,0.0,249.3142033495866
t1782,0.0,0.0,0.0,0.0,0.0,0.0,0.0,297.64267811797635,0.0,249.3142033495866
t1783,0.0,0.0,0.0,0.0,0.0,0.0,0.0,297.64267811797635,0.0,249.3142033495866
t1784,0.0,0.0,0.0,0.0,0.0,0.0,0.0,297.64267811797635,0.0,249.3142033495866
t1785,0.0,0.0,0.0,0.0,0.0,0.0,0.0,297.64267811797635,0.0,249.3142033495866
t1786,0.0,0.0,0.0,0.0,0.0,0.0,0.0,297.64267811797635,0.0,249.3142033495866
t1787,0.0,0.0,0.0,0.0,0.0,0.0,0.0,297.64267811797635,0.0,249.3142033495866
t1788,0.0,0.0,0.0,0.0,0.0,0.0,0.0,297.64267811797635,0.0,249.3142033495866
t1789,0.0,0.0,0.0,0.0,0.0,0.0,0.0,297.64267811797635,0.0,249.3142033495866
t1790,0.0,0.0,0.0,0.0,0.0,0.0,0.0,297.64267811797635,0.0,249.3142033495866
t1791,0.0,0.0,0.0,0.0,0.0,0.0,0.0,297.64267811797635,0.0,249.3142033495866
t1792,0.0,0.0,0.0,0.0,0.0,0.0,0.0,297.64267811797635,0.0,249.3142033495866
t1793,0.0,0.0,0.0,0.0,0.0,0.0,0.0,0.0,0.0,249.3142033495866
t1794,0.0,0.0,0.0,0.0,0.0,0.0,0.0,0.0,0.0,249.3142033495866
t1795,0.0,0.0,0.0,0.0,0.0,0.0,0.0,0.0,0.0,249.3142033495866
t1796,0.0,0.0,0.0,0.0,0.0,0.0,0.0,0.0,0.0,249.3142033495866
t1797,0.0,0.0,0.0,0.0,0.0,0.0,0.0,0.0,0.0,249.3142033495866
t1798,0.0,0.0,0.0,0.0,0.0,0.0,0.0,0.0,0.0,249.3142033495866
t1799,0.0,0.0,0.0,0.0,0.0,0.0,0.0,0.0,0.0,249.3142033495866
t1800,0.0,0.0,0.0,0.0,0.0,0.0,0.0,0.0,0.0,249.3142033495866
t1801,0.0,0.0,0.0,0.0,0.0,0.0,0.0,0.0,0.0,249.3142033495866
t1802,0.0,0.0,0.0,0.0,0.0,0.0,0.0,0.0,0.0,249.3142033495866
t1803,0.0,0.0,0.0,0.0,0.0,0.0,0.0,0.0,0.0,249.3142033495866
t1804,0.0,0.0,0.0,0.0,0.0,0.0,0.0,0.0,0.0,249.3142033495866
t1805,0.0,0.0,0.0,0.0,0.0,0.0,0.0,0.0,0.0,249.3142033495866
t1806,0.0,0.0,0.0,0.0,0.0,0.0,0.0,0.0,0.0,249.3142033495866
t1807,0.0,0.0,0.0,0.0,0.0,0.0,0.0,0.0,0.0,249.3142033495866
t1808,0.0,0.0,0.0,0.0,0.0,0.0,0.0,0.0,0.0,249.3142033495866
t1809,0.0,0.0,0.0,0.0,0.0,0.0,0.0,0.0,0.0,249.3142033495866
t1810,0.0,0.0,0.0,0.0,0.0,0.0,0.0,0.0,0.0,249.3142033495866
t1811,0.0,0.0,0.0,0.0,0.0,0.0,0.0,0.0,0.0,249.3142033495866
t1812,0.0,0.0,0.0,0.0,0.0,0.0,0.0,0.0,0.0,249.3142033495866
t1813,0.0,0.0,0.0,0.0,0.0,0.0,0.0,0.0,0.0,249.3142033495866
t1814,0.0,0.0,0.0,0.0,0.0,0.0,0.0,0.0,0.0,249.3142033495866
t1815,0.0,0.0,0.0,0.0,0.0,0.0,0.0,0.0,0.0,249.3142033495866
t1816,0.0,0.0,0.0,0.0,0.0,0.0,0.0,0.0,0.0,249.3142033495866
t1817,0.0,0.0,0.0,0.0,0.0,0.0,0.0,0.0,0.0,249.31420334958656
t1818,0.0,0.0,0.0,0.0,0.0,0.0,0.0,0.0,0.0,0.0
t1819,0.0,0.0,0.0,0.0,0.0,0.0,0.0,0.0,0.0,0.0
t1820,0.0,0.0,0.0,0.0,0.0,0.0,0.0,0.0,0.0,0.0
t1821,0.0,0.0,0.0,0.0,0.0,0.0,0.0,0.0,0.0,0.0
t1822,0.0,0.0,0.0,0.0,0.0,0.0,0.0,0.0,0.0,0.0
t1823,0.0,0.0,0.0,0.0,0.0,0.0,0.0,0.0,0.0,0.0
t1824,0.0,0.0,0.0,0.0,0.0,0.0,0.0,0.0,0.0,0.0
t1825,0.0,0.0,0.0,0.0,0.0,0.0,0.0,0.0,0.0,0.0
t1826,0.0,0.0,0.0,0.0,0.0,0.0,0.0,0.0,0.0,0.0
t1827,0.0,0.0,0.0,0.0,0.0,0.0,0.0,0.0,0.0,0.0
t1828,0.0,0.0,0.0,0.0,0.0,0.0,0.0,0.0,0.0,0.0
t1829,0.0,0.0,0.0,0.0,0.0,0.0,0.0,0.0,0.0,0.0
t1830,0.0,0.0,0.0,0.0,0.0,0.0,0.0,0.0,0.0,0.0
t1831,0.0,0.0,0.0,0.0,0.0,0.0,0.0,0.0,0.0,0.0
t1832,0.0,0.0,0.0,0.0,0.0,0.0,0.0,0.0,0.0,0.0
t1833,0.0,0.0,0.0,0.0,0.0,0.0,0.0,0.0,0.0,0.0
t1834,0.0,0.0,0.0,0.0,0.0,0.0,0.0,0.0,0.0,0.0
t1835,0.0,0.0,0.0,0.0,0.0,0.0,0.0,0.0,0.0,0.0
t1836,0.0,0.0,0.0,0.0,0.0,0.0,0.0,0.0,0.0,0.0
t1837,0.0,0.0,0.0,0.0,0.0,0.0,0.0,0.0,0.0,489.3423388337833
t1838,0.0,0.0,0.0,0.0,0.0,0.0,0.0,297.64267811797635,0.0,1378.0391649492938
t1839,0.0,0.0,0.0,0.0,0.0,0.0,0.0,297.64267811797635,0.0,1378.0391649492938
t1840,0.0,0.0,0.0,0.0,0.0,0.0,0.0,297.64267811797635,0.0,1378.0391649492938
t1841,0.0,0.0,0.0,0.0,0.0,0.0,0.0,297.64267811797635,0.0,1367.0238748712657
t1842,0.0,0.0,0.0,0.0,0.0,0.0,0.0,297.64267811797635,0.0,1367.0238748712657
t1843,0.0,0.0,0.0,0.0,0.0,0.0,0.0,297.64267811797635,0.0,1367.0238748712657
t1844,0.0,0.0,0.0,0.0,0.0,0.0,0.0,297.64267811797635,0.0,1367.0238748712657
t1845,0.0,0.0,0.0,0.0,0.0,0.0,0.0,297.64267811797635,0.0,1367.0238748712657
t1846,0.0,0.0,0.0,0.0,0.0,0.0,0.0,297.64267811797635,0.0,1258.4191845086123
t1847,0.0,0.0,0.0,0.0,0.0,0.0,0.0,297.64267811797635,0.0,1258.4191845086123
t1848,0.0,0.0,0.0,0.0,0.0,0.0,0.0,297.64267811797635,0.0,1258.4191845086123
