Time_Index,MA_natural_gas_combined_cycle,MA_solar_pv,CT_natural_gas_combined_cycle,CT_onshore_wind,CT_solar_pv,ME_natural_gas_combined_cycle,ME_onshore_wind,MA_battery,CT_battery,ME_battery
1,1.0,0.0,1.0,0.076558188,0.0,1.0,0.059924081,1.0,1.0,1.0
2,1.0,0.0,1.0,0.080270179,0.0,1.0,0.068389259,1.0,1.0,1.0
3,1.0,0.0,1.0,0.086002328,0.0,1.0,0.059497163,1.0,1.0,1.0
4,1.0,0.0,1.0,0.048127584,0.0,1.0,0.08310324,1.0,1.0,1.0
5,1.0,0.0,1.0,0.01575792,0.0,1.0,0.102144554,1.0,1.0,1.0
6,1.0,0.0,1.0,0.012967503,0.0,1.0,0.122772872,1.0,1.0,1.0
7,1.0,0.0,1.0,0.002141553,0.0,1.0,0.171073705,1.0,1.0,1.0
8,1.0,0.0,1.0,0.0030981,0.0,1.0,0.219397694,1.0,1.0,1.0
9,1.0,0.1184,1.0,0.000234923,0.0845,1.0,0.200007498,1.0,1.0,1.0
10,1.0,0.2778,1.0,0.000373551,0.2591,1.0,0.220994174,1.0,1.0,1.0
11,1.0,0.3585,1.0,0.0,0.3346,1.0,0.209178418,1.0,1.0,1.0
12,1.0,0.3238,1.0,0.015729198,0.3968,1.0,0.203515097,1.0,1.0,1.0
13,1.0,0.3411,1.0,0.018590601,0.3904,1.0,0.227897614,1.0,1.0,1.0
14,1.0,0.3405,1.0,0.091118015,0.4161,1.0,0.209356695,1.0,1.0,1.0
15,1.0,0.286,1.0,0.052068722,0.324,1.0,0.324218661,1.0,1.0,1.0
16,1.0,0.1028,1.0,0.131338283,0.1612,1.0,0.288892925,1.0,1.0,1.0
17,1.0,0.0,1.0,0.101284891,0.0001,1.0,0.246395826,1.0,1.0,1.0
18,1.0,0.0,1.0,0.095428444,0.0,1.0,0.198073909,1.0,1.0,1.0
19,1.0,0.0,1.0,0.086883761,0.0,1.0,0.184009045,1.0,1.0,1.0
20,1.0,0.0,1.0,0.132991686,0.0,1.0,0.193628415,1.0,1.0,1.0
21,1.0,0.0,1.0,0.205821633,0.0,1.0,0.20093815,1.0,1.0,1.0
22,1.0,0.0,1.0,0.074472994,0.0,1.0,0.216271028,1.0,1.0,1.0
23,1.0,0.0,1.0,0.165889025,0.0,1.0,0.184818745,1.0,1.0,1.0
24,1.0,0.0,1.0,0.160590693,0.0,1.0,0.254487246,1.0,1.0,1.0
25,1.0,0.0,1.0,0.117114469,0.0,1.0,0.268106848,1.0,1.0,1.0
26,1.0,0.0,1.0,0.078465909,0.0,1.0,0.161822006,1.0,1.0,1.0
27,1.0,0.0,1.0,0.061367095,0.0,1.0,0.134925306,1.0,1.0,1.0
28,1.0,0.0,1.0,0.043661937,0.0,1.0,0.060418211,1.0,1.0,1.0
29,1.0,0.0,1.0,0.023071175,0.0,1.0,0.027239408,1.0,1.0,1.0
30,1.0,0.0,1.0,0.007497279,0.0,1.0,0.158860564,1.0,1.0,1.0
31,1.0,0.0,1.0,0.001299045,0.0,1.0,0.186404496,1.0,1.0,1.0
32,1.0,0.0,1.0,0.016654303,0.0,1.0,0.193140492,1.0,1.0,1.0
33,1.0,0.2628,1.0,0.052081291,0.2456,1.0,0.299835205,1.0,1.0,1.0
34,1.0,0.4358,1.0,0.224936306,0.3773,1.0,0.286743701,1.0,1.0,1.0
35,1.0,0.5505,1.0,0.453866512,0.5166,1.0,0.457011819,1.0,1.0,1.0
36,1.0,0.6131,1.0,0.627534211,0.613,1.0,0.489734203,1.0,1.0,1.0
37,1.0,0.609,1.0,0.449378669,0.5938,1.0,0.414665639,1.0,1.0,1.0
38,1.0,0.5835,1.0,0.328273296,0.5508,1.0,0.223110616,1.0,1.0,1.0
39,1.0,0.4465,1.0,0.206480235,0.4246,1.0,0.235763133,1.0,1.0,1.0
40,1.0,0.2661,1.0,0.092131212,0.274,1.0,0.274209142,1.0,1.0,1.0
41,1.0,0.0001,1.0,0.028178306,0.0198,1.0,0.150550276,1.0,1.0,1.0
42,1.0,0.0,1.0,0.004973742,0.0,1.0,0.123922095,1.0,1.0,1.0
43,1.0,0.0,1.0,0.0,0.0,1.0,0.064368874,1.0,1.0,1.0
44,1.0,0.0,1.0,0.0,0.0,1.0,0.036341872,1.0,1.0,1.0
45,1.0,0.0,1.0,8.7e-5,0.0,1.0,0.010988176,1.0,1.0,1.0
46,1.0,0.0,1.0,0.000580252,0.0,1.0,0.013313939,1.0,1.0,1.0
47,1.0,0.0,1.0,0.000215262,0.0,1.0,0.001893087,1.0,1.0,1.0
48,1.0,0.0,1.0,0.000211122,0.0,1.0,0.000821388,1.0,1.0,1.0
49,1.0,0.0,1.0,0.000134933,0.0,1.0,0.002997974,1.0,1.0,1.0
50,1.0,0.0,1.0,0.0,0.0,1.0,0.003709143,1.0,1.0,1.0
51,1.0,0.0,1.0,0.002359757,0.0,1.0,0.004126911,1.0,1.0,1.0
52,1.0,0.0,1.0,0.001893943,0.0,1.0,0.006304188,1.0,1.0,1.0
53,1.0,0.0,1.0,0.006628121,0.0,1.0,0.002161414,1.0,1.0,1.0
54,1.0,0.0,1.0,0.002035447,0.0,1.0,0.014361451,1.0,1.0,1.0
55,1.0,0.0,1.0,0.006758585,0.0,1.0,0.010724725,1.0,1.0,1.0
56,1.0,0.0,1.0,0.020066613,0.0,1.0,0.017475139,1.0,1.0,1.0
57,1.0,0.2441,1.0,0.033729102,0.212,1.0,0.030283447,1.0,1.0,1.0
58,1.0,0.4013,1.0,0.006448823,0.3715,1.0,0.040839165,1.0,1.0,1.0
59,1.0,0.4707,1.0,0.004795718,0.4482,1.0,0.068986885,1.0,1.0,1.0
60,1.0,0.4622,1.0,0.000178554,0.4504,1.0,0.105258435,1.0,1.0,1.0
61,1.0,0.4498,1.0,0.001431494,0.4597,1.0,0.074007317,1.0,1.0,1.0
62,1.0,0.4513,1.0,0.003724903,0.5072,1.0,0.140021384,1.0,1.0,1.0
63,1.0,0.4101,1.0,0.033406317,0.4786,1.0,0.180115163,1.0,1.0,1.0
64,1.0,0.279,1.0,0.016572453,0.3339,1.0,0.149695903,1.0,1.0,1.0
65,1.0,0.0,1.0,0.027135223,0.0059,1.0,0.156933904,1.0,1.0,1.0
66,1.0,0.0,1.0,0.030080557,0.0,1.0,0.171713799,1.0,1.0,1.0
67,1.0,0.0,1.0,0.041648112,0.0,1.0,0.151109785,1.0,1.0,1.0
68,1.0,0.0,1.0,0.079876676,0.0,1.0,0.224205047,1.0,1.0,1.0
69,1.0,0.0,1.0,0.145102277,0.0,1.0,0.279782861,1.0,1.0,1.0
70,1.0,0.0,1.0,0.203439325,0.0,1.0,0.36195749,1.0,1.0,1.0
71,1.0,0.0,1.0,0.188324541,0.0,1.0,0.220815629,1.0,1.0,1.0
72,1.0,0.0,1.0,0.240235493,0.0,1.0,0.225949705,1.0,1.0,1.0
73,1.0,0.0,1.0,0.303566724,0.0,1.0,0.208765715,1.0,1.0,1.0
74,1.0,0.0,1.0,0.29963851,0.0,1.0,0.273521781,1.0,1.0,1.0
75,1.0,0.0,1.0,0.228475019,0.0,1.0,0.253024995,1.0,1.0,1.0
76,1.0,0.0,1.0,0.367658466,0.0,1.0,0.191880211,1.0,1.0,1.0
77,1.0,0.0,1.0,0.540749788,0.0,1.0,0.223239437,1.0,1.0,1.0
78,1.0,0.0,1.0,0.244355246,0.0,1.0,0.235525474,1.0,1.0,1.0
79,1.0,0.0,1.0,0.274246573,0.0,1.0,0.201843485,1.0,1.0,1.0
80,1.0,0.0,1.0,0.294815779,0.0,1.0,0.355335712,1.0,1.0,1.0
81,1.0,0.1008,1.0,0.335892856,0.1014,1.0,0.130232111,1.0,1.0,1.0
82,1.0,0.2873,1.0,0.513114691,0.2966,1.0,0.26137948,1.0,1.0,1.0
83,1.0,0.5112,1.0,0.641800046,0.5176,1.0,0.452031046,1.0,1.0,1.0
84,1.0,0.536,1.0,0.966837883,0.5081,1.0,0.59516567,1.0,1.0,1.0
85,1.0,0.4996,1.0,0.900840104,0.4678,1.0,0.625353277,1.0,1.0,1.0
86,1.0,0.3911,1.0,0.957450688,0.4294,1.0,0.771235645,1.0,1.0,1.0
87,1.0,0.3097,1.0,0.99094224,0.3534,1.0,0.792427063,1.0,1.0,1.0
88,1.0,0.195,1.0,0.993954897,0.2745,1.0,0.637906671,1.0,1.0,1.0
89,1.0,0.0,1.0,0.990123212,0.0021,1.0,0.646645784,1.0,1.0,1.0
90,1.0,0.0,1.0,0.996523023,0.0,1.0,0.718746364,1.0,1.0,1.0
91,1.0,0.0,1.0,0.990251541,0.0,1.0,0.790166259,1.0,1.0,1.0
92,1.0,0.0,1.0,0.975010455,0.0,1.0,0.845876396,1.0,1.0,1.0
93,1.0,0.0,1.0,0.991715074,0.0,1.0,0.836680591,1.0,1.0,1.0
94,1.0,0.0,1.0,0.990609407,0.0,1.0,0.876152158,1.0,1.0,1.0
95,1.0,0.0,1.0,0.936151862,0.0,1.0,0.876746058,1.0,1.0,1.0
96,1.0,0.0,1.0,0.964827061,0.0,1.0,0.874910831,1.0,1.0,1.0
97,1.0,0.0,1.0,0.955295861,0.0,1.0,0.838257909,1.0,1.0,1.0
98,1.0,0.0,1.0,0.862646222,0.0,1.0,0.74078697,1.0,1.0,1.0
99,1.0,0.0,1.0,0.646329939,0.0,1.0,0.709523916,1.0,1.0,1.0
100,1.0,0.0,1.0,0.690088093,0.0,1.0,0.690028012,1.0,1.0,1.0
101,1.0,0.0,1.0,0.795232832,0.0,1.0,0.679357946,1.0,1.0,1.0
102,1.0,0.0,1.0,0.699535668,0.0,1.0,0.678755522,1.0,1.0,1.0
103,1.0,0.0,1.0,0.589400589,0.0,1.0,0.587219417,1.0,1.0,1.0
104,1.0,0.0,1.0,0.35798493,0.0,1.0,0.416735142,1.0,1.0,1.0
105,1.0,0.2494,1.0,0.286218286,0.2504,1.0,0.40310365,1.0,1.0,1.0
106,1.0,0.4516,1.0,0.411839545,0.4528,1.0,0.468285799,1.0,1.0,1.0
107,1.0,0.6247,1.0,0.250579447,0.6164,1.0,0.804417491,1.0,1.0,1.0
108,1.0,0.6776,1.0,0.172787219,0.6767,1.0,0.752506495,1.0,1.0,1.0
109,1.0,0.6841,1.0,0.032200903,0.6855,1.0,0.741857588,1.0,1.0,1.0
110,1.0,0.3469,1.0,0.013480432,0.3527,1.0,0.645751715,1.0,1.0,1.0
111,1.0,0.517,1.0,0.0,0.5361,1.0,0.550930977,1.0,1.0,1.0
112,1.0,0.3333,1.0,0.0,0.3622,1.0,0.438679636,1.0,1.0,1.0
113,1.0,0.0573,1.0,0.0,0.1022,1.0,0.424214482,1.0,1.0,1.0
114,1.0,0.0,1.0,0.0,0.0,1.0,0.287715375,1.0,1.0,1.0
115,1.0,0.0,1.0,0.0,0.0,1.0,0.265339911,1.0,1.0,1.0
116,1.0,0.0,1.0,1.66e-5,0.0,1.0,0.121478304,1.0,1.0,1.0
117,1.0,0.0,1.0,0.007335953,0.0,1.0,0.04245121,1.0,1.0,1.0
118,1.0,0.0,1.0,0.083141394,0.0,1.0,0.035009436,1.0,1.0,1.0
119,1.0,0.0,1.0,0.326634288,0.0,1.0,0.10085623,1.0,1.0,1.0
120,1.0,0.0,1.0,0.730880857,0.0,1.0,0.250245273,1.0,1.0,1.0
121,1.0,0.0,1.0,0.699592412,0.0,1.0,0.343538821,1.0,1.0,1.0
122,1.0,0.0,1.0,0.48583588,0.0,1.0,0.480004132,1.0,1.0,1.0
123,1.0,0.0,1.0,0.468639523,0.0,1.0,0.493091494,1.0,1.0,1.0
124,1.0,0.0,1.0,0.413402289,0.0,1.0,0.516368747,1.0,1.0,1.0
125,1.0,0.0,1.0,0.503893793,0.0,1.0,0.556184232,1.0,1.0,1.0
126,1.0,0.0,1.0,0.574716628,0.0,1.0,0.581493616,1.0,1.0,1.0
127,1.0,0.0,1.0,0.677719951,0.0,1.0,0.694624305,1.0,1.0,1.0
128,1.0,0.0,1.0,0.701501548,0.0,1.0,0.910963953,1.0,1.0,1.0
129,1.0,0.0738,1.0,0.511826217,0.1048,1.0,0.902822435,1.0,1.0,1.0
130,1.0,0.1992,1.0,0.700982928,0.1945,1.0,0.887133121,1.0,1.0,1.0
131,1.0,0.2704,1.0,0.300368935,0.3618,1.0,0.72706449,1.0,1.0,1.0
132,1.0,0.3616,1.0,0.315275639,0.3608,1.0,0.61177659,1.0,1.0,1.0
133,1.0,0.3916,1.0,0.448661685,0.2887,1.0,0.608541965,1.0,1.0,1.0
134,1.0,0.3009,1.0,0.293922007,0.2133,1.0,0.598206937,1.0,1.0,1.0
135,1.0,0.1969,1.0,0.192222998,0.2028,1.0,0.489775866,1.0,1.0,1.0
136,1.0,0.0448,1.0,0.105884507,0.0511,1.0,0.610442102,1.0,1.0,1.0
137,1.0,0.0,1.0,0.308761001,0.0,1.0,0.749927282,1.0,1.0,1.0
138,1.0,0.0,1.0,0.641711295,0.0,1.0,0.731739044,1.0,1.0,1.0
139,1.0,0.0,1.0,0.000328093,0.0,1.0,0.020332925,1.0,1.0,1.0
140,1.0,0.0,1.0,0.001109042,0.0,1.0,0.01952357,1.0,1.0,1.0
141,1.0,0.0,1.0,0.000465656,0.0,1.0,0.01288804,1.0,1.0,1.0
142,1.0,0.0,1.0,0.0,0.0,1.0,0.006124048,1.0,1.0,1.0
143,1.0,0.0,1.0,0.0,0.0,1.0,0.003177892,1.0,1.0,1.0
144,1.0,0.0,1.0,0.0511139,0.0,1.0,0.174536049,1.0,1.0,1.0
145,1.0,0.0,1.0,0.178217903,0.0,1.0,0.160452858,1.0,1.0,1.0
146,1.0,0.0,1.0,0.163054347,0.0,1.0,0.19457984,1.0,1.0,1.0
147,1.0,0.0,1.0,0.07816536,0.0,1.0,0.21664463,1.0,1.0,1.0
148,1.0,0.0,1.0,0.034205906,0.0,1.0,0.140644953,1.0,1.0,1.0
149,1.0,0.0,1.0,0.0,0.0,1.0,0.076794818,1.0,1.0,1.0
150,1.0,0.0,1.0,0.040714934,0.0,1.0,0.038682725,1.0,1.0,1.0
151,1.0,0.0,1.0,0.0,0.0,1.0,9.83e-5,1.0,1.0,1.0
152,1.0,0.0,1.0,0.00011514,0.0,1.0,0.000646637,1.0,1.0,1.0
153,1.0,0.1158,1.0,0.005348991,0.1552,1.0,0.00056692,1.0,1.0,1.0
154,1.0,0.0838,1.0,0.006692105,0.1243,1.0,0.18899411,1.0,1.0,1.0
155,1.0,0.1599,1.0,0.007338142,0.2932,1.0,0.22133249,1.0,1.0,1.0
156,1.0,0.2742,1.0,0.00134162,0.3873,1.0,0.187157899,1.0,1.0,1.0
157,1.0,0.4044,1.0,0.005068874,0.4331,1.0,0.140217423,1.0,1.0,1.0
158,1.0,0.439,1.0,0.0,0.4312,1.0,0.124365717,1.0,1.0,1.0
159,1.0,0.3592,1.0,0.004298079,0.377,1.0,0.204842478,1.0,1.0,1.0
160,1.0,0.2206,1.0,0.040113807,0.2455,1.0,0.102951244,1.0,1.0,1.0
161,1.0,0.0,1.0,0.039530288,0.0,1.0,0.237337798,1.0,1.0,1.0
162,1.0,0.0,1.0,0.172492385,0.0,1.0,0.338589609,1.0,1.0,1.0
163,1.0,0.0,1.0,0.177829206,0.0,1.0,0.282227397,1.0,1.0,1.0
164,1.0,0.0,1.0,0.102210775,0.0,1.0,0.298579842,1.0,1.0,1.0
165,1.0,0.0,1.0,0.20730938,0.0,1.0,0.322138816,1.0,1.0,1.0
166,1.0,0.0,1.0,0.475461125,0.0,1.0,0.32340467,1.0,1.0,1.0
167,1.0,0.0,1.0,0.141887054,0.0,1.0,0.409071445,1.0,1.0,1.0
168,1.0,0.0,1.0,0.327527732,0.0,1.0,0.587408304,1.0,1.0,1.0
169,1.0,0.0,1.0,0.111910738,0.0,1.0,0.14134872,1.0,1.0,1.0
170,1.0,0.0,1.0,0.095943481,0.0,1.0,0.112965181,1.0,1.0,1.0
171,1.0,0.0,1.0,0.113639891,0.0,1.0,0.182776108,1.0,1.0,1.0
172,1.0,0.0,1.0,0.090515204,0.0,1.0,0.340885401,1.0,1.0,1.0
173,1.0,0.0,1.0,0.005768371,0.0,1.0,0.561366796,1.0,1.0,1.0
174,1.0,0.0,1.0,0.004326268,0.0,1.0,0.532831788,1.0,1.0,1.0
175,1.0,0.0244,1.0,0.018189598,0.0064,1.0,0.349196464,1.0,1.0,1.0
176,1.0,0.1612,1.0,0.015189807,0.201,1.0,0.328261524,1.0,1.0,1.0
177,1.0,0.2826,1.0,0.013287334,0.3271,1.0,0.31219551,1.0,1.0,1.0
178,1.0,0.4098,1.0,0.013706244,0.3918,1.0,0.30152756,1.0,1.0,1.0
179,1.0,0.4915,1.0,0.020444827,0.4546,1.0,0.295787871,1.0,1.0,1.0
180,1.0,0.5294,1.0,0.035538867,0.4968,1.0,0.294949979,1.0,1.0,1.0
181,1.0,0.51,1.0,0.057279911,0.4935,1.0,0.299089581,1.0,1.0,1.0
182,1.0,0.6343,1.0,0.0,0.6583,1.0,0.258339882,1.0,1.0,1.0
183,1.0,0.4632,1.0,0.001327389,0.5201,1.0,0.248330519,1.0,1.0,1.0
184,1.0,0.341,1.0,0.024780901,0.4155,1.0,0.184443623,1.0,1.0,1.0
185,1.0,0.2327,1.0,0.035902314,0.2841,1.0,0.264046878,1.0,1.0,1.0
186,1.0,0.1225,1.0,0.022578696,0.1595,1.0,0.243451402,1.0,1.0,1.0
187,1.0,0.0432,1.0,0.014733805,0.0414,1.0,0.32474345,1.0,1.0,1.0
188,1.0,0.0,1.0,0.007492077,0.0,1.0,0.300365448,1.0,1.0,1.0
189,1.0,0.0,1.0,0.045484513,0.0,1.0,0.69153136,1.0,1.0,1.0
190,1.0,0.0,1.0,0.142919555,0.0,1.0,0.821759284,1.0,1.0,1.0
191,1.0,0.0,1.0,0.246317014,0.0,1.0,0.770377636,1.0,1.0,1.0
192,1.0,0.0,1.0,0.138689518,0.0,1.0,0.649565697,1.0,1.0,1.0
193,1.0,0.0,1.0,0.108802505,0.0,1.0,0.642557919,1.0,1.0,1.0
194,1.0,0.0,1.0,0.048519075,0.0,1.0,0.554622412,1.0,1.0,1.0
195,1.0,0.0,1.0,0.050109562,0.0,1.0,0.506420374,1.0,1.0,1.0
196,1.0,0.0,1.0,0.039584052,0.0,1.0,0.451454103,1.0,1.0,1.0
197,1.0,0.0,1.0,0.017524129,0.0,1.0,0.412500948,1.0,1.0,1.0
198,1.0,0.0464,1.0,0.010153767,0.0091,1.0,0.352001578,1.0,1.0,1.0
199,1.0,0.1035,1.0,0.012420705,0.1225,1.0,0.340065747,1.0,1.0,1.0
200,1.0,0.2664,1.0,0.0,0.2873,1.0,0.073422953,1.0,1.0,1.0
201,1.0,0.4112,1.0,2.86e-5,0.4241,1.0,0.032108564,1.0,1.0,1.0
202,1.0,0.5047,1.0,0.00340222,0.5213,1.0,0.122271009,1.0,1.0,1.0
203,1.0,0.5421,1.0,0.00238833,0.5502,1.0,0.106695965,1.0,1.0,1.0
204,1.0,0.5389,1.0,0.002340877,0.527,1.0,0.1579763,1.0,1.0,1.0
205,1.0,0.5425,1.0,0.016254757,0.558,1.0,0.167988762,1.0,1.0,1.0
206,1.0,0.5567,1.0,0.044550132,0.5624,1.0,0.223243356,1.0,1.0,1.0
207,1.0,0.561,1.0,0.128513008,0.5658,1.0,0.267719388,1.0,1.0,1.0
208,1.0,0.4936,1.0,0.255823791,0.4944,1.0,0.286864132,1.0,1.0,1.0
209,1.0,0.343,1.0,0.275023997,0.3734,1.0,0.227319032,1.0,1.0,1.0
210,1.0,0.1536,1.0,0.299163222,0.2074,1.0,0.305128455,1.0,1.0,1.0
211,1.0,0.0619,1.0,0.328098595,0.0927,1.0,0.268108368,1.0,1.0,1.0
212,1.0,0.0,1.0,0.451898903,0.0,1.0,0.304975748,1.0,1.0,1.0
213,1.0,0.0,1.0,0.418652683,0.0,1.0,0.428766012,1.0,1.0,1.0
214,1.0,0.0,1.0,0.520568132,0.0,1.0,0.540199041,1.0,1.0,1.0
215,1.0,0.0,1.0,0.537919641,0.0,1.0,0.594167233,1.0,1.0,1.0
216,1.0,0.0,1.0,0.468952566,0.0,1.0,0.619165778,1.0,1.0,1.0
217,1.0,0.0,1.0,0.518067956,0.0,1.0,0.522201419,1.0,1.0,1.0
218,1.0,0.0,1.0,0.687765837,0.0,1.0,0.490472913,1.0,1.0,1.0
219,1.0,0.0,1.0,0.711328745,0.0,1.0,0.449161708,1.0,1.0,1.0
220,1.0,0.0,1.0,0.817015767,0.0,1.0,0.475327849,1.0,1.0,1.0
221,1.0,0.0,1.0,0.916730881,0.0,1.0,0.388825983,1.0,1.0,1.0
222,1.0,0.08,1.0,0.780240059,0.0761,1.0,0.306768537,1.0,1.0,1.0
223,1.0,0.0962,1.0,0.490199894,0.1204,1.0,0.205111325,1.0,1.0,1.0
224,1.0,0.2692,1.0,0.031916842,0.2931,1.0,0.058619201,1.0,1.0,1.0
225,1.0,0.4479,1.0,0.0,0.4616,1.0,0.004739426,1.0,1.0,1.0
226,1.0,0.5826,1.0,0.0,0.5836,1.0,0.004817469,1.0,1.0,1.0
227,1.0,0.683,1.0,0.003602037,0.6775,1.0,0.044622004,1.0,1.0,1.0
228,1.0,0.6924,1.0,0.008759916,0.6925,1.0,0.087428428,1.0,1.0,1.0
229,1.0,0.6825,1.0,0.144058302,0.6905,1.0,0.093296498,1.0,1.0,1.0
230,1.0,0.6547,1.0,0.406045526,0.6762,1.0,0.031904854,1.0,1.0,1.0
231,1.0,0.5878,1.0,0.457589835,0.5897,1.0,0.031114295,1.0,1.0,1.0
232,1.0,0.4732,1.0,0.552905083,0.4958,1.0,0.056565344,1.0,1.0,1.0
233,1.0,0.3272,1.0,0.767144561,0.34,1.0,0.113027856,1.0,1.0,1.0
234,1.0,0.153,1.0,0.979010284,0.1756,1.0,0.251150817,1.0,1.0,1.0
235,1.0,0.0376,1.0,0.866155326,0.0739,1.0,0.376768082,1.0,1.0,1.0
236,1.0,0.0,1.0,0.534160316,0.0,1.0,0.656343281,1.0,1.0,1.0
237,1.0,0.0,1.0,0.402927607,0.0,1.0,0.82255578,1.0,1.0,1.0
238,1.0,0.0,1.0,0.504087806,0.0,1.0,0.835137606,1.0,1.0,1.0
239,1.0,0.0,1.0,0.558010459,0.0,1.0,0.884523988,1.0,1.0,1.0
240,1.0,0.0,1.0,0.720264733,0.0,1.0,0.855545521,1.0,1.0,1.0
241,1.0,0.0,1.0,0.219298735,0.0,1.0,0.885308266,1.0,1.0,1.0
242,1.0,0.0,1.0,0.158451974,0.0,1.0,0.934325874,1.0,1.0,1.0
243,1.0,0.0,1.0,0.298258722,0.0,1.0,0.90548861,1.0,1.0,1.0
244,1.0,0.0,1.0,0.450397819,0.0,1.0,0.873423874,1.0,1.0,1.0
245,1.0,0.0,1.0,0.234599099,0.0,1.0,0.934801877,1.0,1.0,1.0
246,1.0,0.0003,1.0,0.410587072,0.0,1.0,0.906266451,1.0,1.0,1.0
247,1.0,0.1183,1.0,0.546035469,0.1017,1.0,0.886363506,1.0,1.0,1.0
248,1.0,0.2276,1.0,0.695316792,0.2182,1.0,0.854235232,1.0,1.0,1.0
249,1.0,0.3245,1.0,0.834340334,0.2787,1.0,0.814765453,1.0,1.0,1.0
250,1.0,0.3045,1.0,0.92306143,0.2748,1.0,0.773284316,1.0,1.0,1.0
251,1.0,0.3433,1.0,0.95623517,0.3545,1.0,0.820491552,1.0,1.0,1.0
252,1.0,0.3785,1.0,0.959093571,0.3891,1.0,0.874905467,1.0,1.0,1.0
253,1.0,0.438,1.0,0.971156001,0.4407,1.0,0.9909724,1.0,1.0,1.0
254,1.0,0.364,1.0,0.987286747,0.3752,1.0,0.996236444,1.0,1.0,1.0
255,1.0,0.3523,1.0,1.0,0.3413,1.0,0.981072664,1.0,1.0,1.0
256,1.0,0.2649,1.0,0.994086385,0.2711,1.0,0.981270671,1.0,1.0,1.0
257,1.0,0.1739,1.0,0.916867077,0.1633,1.0,0.980529904,1.0,1.0,1.0
258,1.0,0.068,1.0,0.896740079,0.0955,1.0,0.883206904,1.0,1.0,1.0
259,1.0,0.0032,1.0,0.78333503,0.0068,1.0,0.835964799,1.0,1.0,1.0
260,1.0,0.0,1.0,0.786011815,0.0,1.0,0.782323241,1.0,1.0,1.0
261,1.0,0.0,1.0,0.582567692,0.0,1.0,0.690945089,1.0,1.0,1.0
262,1.0,0.0,1.0,0.81801784,0.0,1.0,0.677657366,1.0,1.0,1.0
263,1.0,0.0,1.0,0.760315537,0.0,1.0,0.601608753,1.0,1.0,1.0
264,1.0,0.0,1.0,0.485735118,0.0,1.0,0.522088647,1.0,1.0,1.0
265,1.0,0.0,1.0,0.519115031,0.0,1.0,0.441972673,1.0,1.0,1.0
266,1.0,0.0,1.0,0.563973665,0.0,1.0,0.457429349,1.0,1.0,1.0
267,1.0,0.0,1.0,0.409247786,0.0,1.0,0.459271848,1.0,1.0,1.0
268,1.0,0.0,1.0,0.178750813,0.0,1.0,0.383463413,1.0,1.0,1.0
269,1.0,0.0,1.0,0.189539716,0.0,1.0,0.358198643,1.0,1.0,1.0
270,1.0,0.0,1.0,0.106645718,0.0,1.0,0.291486204,1.0,1.0,1.0
271,1.0,0.0147,1.0,0.056643635,0.0111,1.0,0.236151069,1.0,1.0,1.0
272,1.0,0.0856,1.0,0.042929146,0.1055,1.0,0.33877486,1.0,1.0,1.0
273,1.0,0.1722,1.0,0.08702822,0.2396,1.0,0.126070455,1.0,1.0,1.0
274,1.0,0.2509,1.0,0.04526265,0.3134,1.0,0.068667322,1.0,1.0,1.0
275,1.0,0.3024,1.0,0.023637753,0.377,1.0,0.03598908,1.0,1.0,1.0
276,1.0,0.3723,1.0,0.011062475,0.3916,1.0,0.011880561,1.0,1.0,1.0
277,1.0,0.3725,1.0,0.008010314,0.3709,1.0,0.021662347,1.0,1.0,1.0
278,1.0,0.3379,1.0,0.00351899,0.3712,1.0,0.018161874,1.0,1.0,1.0
279,1.0,0.3128,1.0,0.003359569,0.3164,1.0,0.045069553,1.0,1.0,1.0
280,1.0,0.235,1.0,0.017455762,0.2211,1.0,0.090180144,1.0,1.0,1.0
281,1.0,0.1418,1.0,0.037046939,0.164,1.0,0.1824186,1.0,1.0,1.0
282,1.0,0.0599,1.0,0.008597679,0.0636,1.0,0.130638182,1.0,1.0,1.0
283,1.0,0.0025,1.0,0.000986268,0.0014,1.0,0.155680716,1.0,1.0,1.0
284,1.0,0.0,1.0,0.037310984,0.0,1.0,0.253019512,1.0,1.0,1.0
285,1.0,0.0,1.0,0.020054696,0.0,1.0,0.29439342,1.0,1.0,1.0
286,1.0,0.0,1.0,0.002000783,0.0,1.0,0.254454792,1.0,1.0,1.0
287,1.0,0.0,1.0,0.000897393,0.0,1.0,0.205670387,1.0,1.0,1.0
288,1.0,0.0,1.0,0.035232082,0.0,1.0,0.265921772,1.0,1.0,1.0
289,1.0,0.0,1.0,0.176428378,0.0,1.0,0.22784403,1.0,1.0,1.0
290,1.0,0.0,1.0,0.552137136,0.0,1.0,0.178639859,1.0,1.0,1.0
291,1.0,0.0,1.0,0.593575895,0.0,1.0,0.120070696,1.0,1.0,1.0
292,1.0,0.0,1.0,0.885067821,0.0,1.0,0.20789279,1.0,1.0,1.0
293,1.0,0.0,1.0,0.846963882,0.0,1.0,0.243271172,1.0,1.0,1.0
294,1.0,0.0,1.0,0.558673799,0.0,1.0,0.279233783,1.0,1.0,1.0
295,1.0,0.01,1.0,0.48018682,0.0355,1.0,0.402049631,1.0,1.0,1.0
296,1.0,0.1406,1.0,0.295538753,0.1854,1.0,0.450815886,1.0,1.0,1.0
297,1.0,0.2487,1.0,0.599142075,0.3056,1.0,0.403492451,1.0,1.0,1.0
298,1.0,0.373,1.0,0.716417968,0.4704,1.0,0.508038282,1.0,1.0,1.0
299,1.0,0.4494,1.0,0.981203675,0.5901,1.0,0.5630458,1.0,1.0,1.0
300,1.0,0.4989,1.0,0.932976186,0.5627,1.0,0.611705005,1.0,1.0,1.0
301,1.0,0.5063,1.0,0.965925276,0.5449,1.0,0.604499042,1.0,1.0,1.0
302,1.0,0.5298,1.0,0.992571414,0.5707,1.0,0.547061563,1.0,1.0,1.0
303,1.0,0.5309,1.0,0.995408654,0.5412,1.0,0.701082468,1.0,1.0,1.0
304,1.0,0.4408,1.0,0.997192323,0.4695,1.0,0.739235878,1.0,1.0,1.0
305,1.0,0.3139,1.0,0.998346925,0.3531,1.0,0.83405,1.0,1.0,1.0
306,1.0,0.1579,1.0,0.99641192,0.2015,1.0,0.879494369,1.0,1.0,1.0
307,1.0,0.0659,1.0,0.903582811,0.0997,1.0,0.90970856,1.0,1.0,1.0
308,1.0,0.0,1.0,0.780468822,0.0,1.0,0.875932813,1.0,1.0,1.0
309,1.0,0.0,1.0,0.944914758,0.0,1.0,0.709341764,1.0,1.0,1.0
310,1.0,0.0,1.0,0.886872709,0.0,1.0,0.590638459,1.0,1.0,1.0
311,1.0,0.0,1.0,0.765472412,0.0,1.0,0.58883214,1.0,1.0,1.0
312,1.0,0.0,1.0,0.799677789,0.0,1.0,0.610734165,1.0,1.0,1.0
313,1.0,0.0,1.0,0.804380536,0.0,1.0,0.614733875,1.0,1.0,1.0
314,1.0,0.0,1.0,0.631342769,0.0,1.0,0.569435418,1.0,1.0,1.0
315,1.0,0.0,1.0,0.720486164,0.0,1.0,0.473838985,1.0,1.0,1.0
316,1.0,0.0,1.0,0.816456854,0.0,1.0,0.583543897,1.0,1.0,1.0
317,1.0,0.0,1.0,0.625677884,0.0,1.0,0.591751456,1.0,1.0,1.0
318,1.0,0.1153,1.0,0.784640014,0.1323,1.0,0.597204685,1.0,1.0,1.0
319,1.0,0.0994,1.0,0.346143126,0.1358,1.0,0.641803265,1.0,1.0,1.0
320,1.0,0.2756,1.0,0.386752784,0.3081,1.0,0.758451939,1.0,1.0,1.0
321,1.0,0.4609,1.0,0.810616374,0.4821,1.0,0.760719538,1.0,1.0,1.0
322,1.0,0.5865,1.0,0.683313668,0.6095,1.0,0.764762938,1.0,1.0,1.0
323,1.0,0.6153,1.0,0.856145442,0.6333,1.0,0.710660517,1.0,1.0,1.0
324,1.0,0.5241,1.0,0.890915394,0.5641,1.0,0.713576317,1.0,1.0,1.0
325,1.0,0.517,1.0,0.931729436,0.5751,1.0,0.814677775,1.0,1.0,1.0
326,1.0,0.5234,1.0,0.920571148,0.6419,1.0,0.787749946,1.0,1.0,1.0
327,1.0,0.5164,1.0,0.69789654,0.6036,1.0,0.79707396,1.0,1.0,1.0
328,1.0,0.4389,1.0,0.867569983,0.5145,1.0,0.77260685,1.0,1.0,1.0
329,1.0,0.3264,1.0,0.891906142,0.3916,1.0,0.644304156,1.0,1.0,1.0
330,1.0,0.1549,1.0,0.875813246,0.2161,1.0,0.601211727,1.0,1.0,1.0
331,1.0,0.0725,1.0,0.843635261,0.1126,1.0,0.420138836,1.0,1.0,1.0
332,1.0,0.0,1.0,0.748836875,0.0,1.0,0.384770274,1.0,1.0,1.0
333,1.0,0.0,1.0,0.879656792,0.0,1.0,0.354753613,1.0,1.0,1.0
334,1.0,0.0,1.0,0.896986127,0.0,1.0,0.357472718,1.0,1.0,1.0
335,1.0,0.0,1.0,0.722170234,0.0,1.0,0.464510202,1.0,1.0,1.0
336,1.0,0.0,1.0,0.729108512,0.0,1.0,0.624791086,1.0,1.0,1.0
337,1.0,0.0,1.0,0.730243087,0.0,1.0,0.710043669,1.0,1.0,1.0
338,1.0,0.0,1.0,0.553626418,0.0,1.0,0.762717247,1.0,1.0,1.0
339,1.0,0.0,1.0,0.432665884,0.0,1.0,0.864646733,1.0,1.0,1.0
340,1.0,0.0,1.0,0.440661639,0.0,1.0,0.890951216,1.0,1.0,1.0
341,1.0,0.0,1.0,0.370062977,0.0,1.0,0.906659484,1.0,1.0,1.0
342,1.0,0.1439,1.0,0.545369148,0.1647,1.0,0.866220415,1.0,1.0,1.0
343,1.0,0.0999,1.0,0.482397079,0.1429,1.0,0.801424026,1.0,1.0,1.0
344,1.0,0.273,1.0,0.100532562,0.3044,1.0,0.459330022,1.0,1.0,1.0
345,1.0,0.4545,1.0,0.061952468,0.4736,1.0,0.288359672,1.0,1.0,1.0
346,1.0,0.5942,1.0,0.083180167,0.601,1.0,0.56370616,1.0,1.0,1.0
347,1.0,0.6924,1.0,0.143066883,0.6893,1.0,0.647783518,1.0,1.0,1.0
348,1.0,0.72,1.0,0.263261408,0.722,1.0,0.801656723,1.0,1.0,1.0
349,1.0,0.7196,1.0,0.311959773,0.7199,1.0,0.80436492,1.0,1.0,1.0
350,1.0,0.716,1.0,0.317829102,0.7163,1.0,0.826805115,1.0,1.0,1.0
351,1.0,0.6301,1.0,0.390054345,0.6451,1.0,0.740828633,1.0,1.0,1.0
352,1.0,0.504,1.0,0.377837986,0.5307,1.0,0.70243299,1.0,1.0,1.0
353,1.0,0.3413,1.0,0.443086803,0.385,1.0,0.453702301,1.0,1.0,1.0
354,1.0,0.1489,1.0,0.291826159,0.2054,1.0,0.266661108,1.0,1.0,1.0
355,1.0,0.0735,1.0,0.324041754,0.1014,1.0,0.194500744,1.0,1.0,1.0
356,1.0,0.0,1.0,0.414911747,0.0,1.0,0.185206711,1.0,1.0,1.0
357,1.0,0.0,1.0,0.556203365,0.0,1.0,0.158630908,1.0,1.0,1.0
358,1.0,0.0,1.0,0.813460767,0.0,1.0,0.190661386,1.0,1.0,1.0
359,1.0,0.0,1.0,0.687758923,0.0,1.0,0.165437758,1.0,1.0,1.0
360,1.0,0.0,1.0,0.64671874,0.0,1.0,0.279277682,1.0,1.0,1.0
361,1.0,0.0,1.0,0.518872917,0.0,1.0,0.40803802,1.0,1.0,1.0
362,1.0,0.0,1.0,0.235767365,0.0,1.0,0.489041209,1.0,1.0,1.0
363,1.0,0.0,1.0,0.059003338,0.0,1.0,0.498834133,1.0,1.0,1.0
364,1.0,0.0,1.0,0.031446222,0.0,1.0,0.489582181,1.0,1.0,1.0
365,1.0,0.0,1.0,0.125698119,0.0,1.0,0.503778577,1.0,1.0,1.0
366,1.0,0.0495,1.0,0.191374108,0.0184,1.0,0.591994524,1.0,1.0,1.0
367,1.0,0.1088,1.0,0.135133505,0.1142,1.0,0.621776283,1.0,1.0,1.0
368,1.0,0.215,1.0,0.074716635,0.2286,1.0,0.62677604,1.0,1.0,1.0
369,1.0,0.314,1.0,0.001091819,0.3597,1.0,0.312875092,1.0,1.0,1.0
370,1.0,0.4037,1.0,5.05e-5,0.4743,1.0,0.11167866,1.0,1.0,1.0
371,1.0,0.4935,1.0,0.00622577,0.5905,1.0,0.145566538,1.0,1.0,1.0
372,1.0,0.5497,1.0,0.110064708,0.6772,1.0,0.205575526,1.0,1.0,1.0
373,1.0,0.6028,1.0,0.21217072,0.6568,1.0,0.030734703,1.0,1.0,1.0
374,1.0,0.6675,1.0,0.456118405,0.6527,1.0,0.194839641,1.0,1.0,1.0
375,1.0,0.5725,1.0,0.36151585,0.5829,1.0,0.313330889,1.0,1.0,1.0
376,1.0,0.4333,1.0,0.420416325,0.4701,1.0,0.364800751,1.0,1.0,1.0
377,1.0,0.3056,1.0,0.610432029,0.3561,1.0,0.309675813,1.0,1.0,1.0
378,1.0,0.1615,1.0,0.406850636,0.2072,1.0,0.28003329,1.0,1.0,1.0
379,1.0,0.0703,1.0,0.897540033,0.0969,1.0,0.313162208,1.0,1.0,1.0
380,1.0,0.0,1.0,0.91047436,0.0,1.0,0.193745375,1.0,1.0,1.0
381,1.0,0.0,1.0,0.760952532,0.0,1.0,0.122658059,1.0,1.0,1.0
382,1.0,0.0,1.0,0.925911427,0.0,1.0,0.044277377,1.0,1.0,1.0
383,1.0,0.0,1.0,0.894701898,0.0,1.0,0.027137659,1.0,1.0,1.0
384,1.0,0.0,1.0,0.844014704,0.0,1.0,0.037081718,1.0,1.0,1.0
385,1.0,0.0,1.0,0.889629841,0.0,1.0,0.028145354,1.0,1.0,1.0
386,1.0,0.0,1.0,0.911478758,0.0,1.0,0.026687048,1.0,1.0,1.0
387,1.0,0.0,1.0,0.90429312,0.0,1.0,0.045300074,1.0,1.0,1.0
388,1.0,0.0,1.0,0.933805466,0.0,1.0,0.085520059,1.0,1.0,1.0
389,1.0,0.0,1.0,0.691581488,0.0,1.0,0.127922982,1.0,1.0,1.0
390,1.0,0.0,1.0,0.439968765,0.0,1.0,0.161266655,1.0,1.0,1.0
391,1.0,0.0825,1.0,0.56971103,0.0783,1.0,0.100241765,1.0,1.0,1.0
392,1.0,0.2082,1.0,0.262372345,0.2023,1.0,0.084521018,1.0,1.0,1.0
393,1.0,0.3309,1.0,0.01781223,0.3522,1.0,0.012488978,1.0,1.0,1.0
394,1.0,0.4573,1.0,0.011651794,0.4342,1.0,0.008727983,1.0,1.0,1.0
395,1.0,0.4965,1.0,0.05142523,0.4766,1.0,0.009843435,1.0,1.0,1.0
396,1.0,0.4893,1.0,0.234933957,0.4596,1.0,0.012780948,1.0,1.0,1.0
397,1.0,0.468,1.0,0.269241214,0.4479,1.0,0.042887859,1.0,1.0,1.0
398,1.0,0.4295,1.0,0.308216244,0.4338,1.0,0.160523087,1.0,1.0,1.0
399,1.0,0.4079,1.0,0.492160857,0.4112,1.0,0.159518525,1.0,1.0,1.0
400,1.0,0.3452,1.0,0.434786677,0.3684,1.0,0.225127652,1.0,1.0,1.0
401,1.0,0.2643,1.0,0.205275208,0.2748,1.0,0.28652221,1.0,1.0,1.0
402,1.0,0.1438,1.0,0.147605702,0.1397,1.0,0.380352437,1.0,1.0,1.0
403,1.0,0.0228,1.0,0.061660979,0.0223,1.0,0.473206997,1.0,1.0,1.0
404,1.0,0.0,1.0,0.021133337,0.0,1.0,0.701544046,1.0,1.0,1.0
405,1.0,0.0,1.0,0.042154603,0.0,1.0,0.475116074,1.0,1.0,1.0
406,1.0,0.0,1.0,0.086964674,0.0,1.0,0.28344661,1.0,1.0,1.0
407,1.0,0.0,1.0,0.254774988,0.0,1.0,0.426872909,1.0,1.0,1.0
408,1.0,0.0,1.0,0.34942171,0.0,1.0,0.502671778,1.0,1.0,1.0
409,1.0,0.0,1.0,0.29196167,0.0,1.0,0.528518975,1.0,1.0,1.0
410,1.0,0.0,1.0,0.434718728,0.0,1.0,0.532909513,1.0,1.0,1.0
411,1.0,0.0,1.0,0.544953108,0.0,1.0,0.531103134,1.0,1.0,1.0
412,1.0,0.0,1.0,0.402739882,0.0,1.0,0.450618774,1.0,1.0,1.0
413,1.0,0.0,1.0,0.265694559,0.0,1.0,0.400808573,1.0,1.0,1.0
414,1.0,0.0078,1.0,0.271681249,0.0014,1.0,0.320486605,1.0,1.0,1.0
415,1.0,0.121,1.0,0.345898747,0.0852,1.0,0.393584371,1.0,1.0,1.0
416,1.0,0.2329,1.0,0.269551188,0.2061,1.0,0.409064412,1.0,1.0,1.0
417,1.0,0.3461,1.0,0.422062159,0.2951,1.0,0.381627738,1.0,1.0,1.0
418,1.0,0.4434,1.0,0.565201998,0.3645,1.0,0.225584373,1.0,1.0,1.0
419,1.0,0.4744,1.0,0.833302319,0.3895,1.0,0.269298553,1.0,1.0,1.0
420,1.0,0.4548,1.0,0.874854088,0.3723,1.0,0.456370533,1.0,1.0,1.0
421,1.0,0.401,1.0,0.980396271,0.3623,1.0,0.63115871,1.0,1.0,1.0
422,1.0,0.3553,1.0,0.66045928,0.3359,1.0,0.68442595,1.0,1.0,1.0
423,1.0,0.3467,1.0,0.541325271,0.3835,1.0,0.802093744,1.0,1.0,1.0
424,1.0,0.3166,1.0,0.490410298,0.2429,1.0,0.769687712,1.0,1.0,1.0
425,1.0,0.2293,1.0,0.405053049,0.1303,1.0,0.838497758,1.0,1.0,1.0
426,1.0,0.0839,1.0,0.286999673,0.0098,1.0,0.856102705,1.0,1.0,1.0
427,1.0,0.002,1.0,0.217008129,0.001,1.0,0.856871247,1.0,1.0,1.0
428,1.0,0.0,1.0,0.123513862,0.0,1.0,0.77930069,1.0,1.0,1.0
429,1.0,0.0,1.0,0.039516836,0.0,1.0,0.774257421,1.0,1.0,1.0
430,1.0,0.0,1.0,0.05173675,0.0,1.0,0.700505197,1.0,1.0,1.0
431,1.0,0.0,1.0,0.040682856,0.0,1.0,0.622917593,1.0,1.0,1.0
432,1.0,0.0,1.0,0.05797955,0.0,1.0,0.445981741,1.0,1.0,1.0
433,1.0,0.0,1.0,0.012646789,0.0,1.0,0.475385308,1.0,1.0,1.0
434,1.0,0.0,1.0,0.034530938,0.0,1.0,0.351283848,1.0,1.0,1.0
435,1.0,0.0,1.0,0.076051399,0.0,1.0,0.28701365,1.0,1.0,1.0
436,1.0,0.0,1.0,0.035228528,0.0,1.0,0.325930238,1.0,1.0,1.0
437,1.0,0.0,1.0,0.018820198,0.0,1.0,0.313416541,1.0,1.0,1.0
438,1.0,0.0,1.0,0.002852182,0.0,1.0,0.219370127,1.0,1.0,1.0
439,1.0,0.0203,1.0,0.000193164,0.0079,1.0,0.264007479,1.0,1.0,1.0
440,1.0,0.1277,1.0,0.002148779,0.1093,1.0,0.341778219,1.0,1.0,1.0
441,1.0,0.1519,1.0,0.007277843,0.2011,1.0,0.232657045,1.0,1.0,1.0
442,1.0,0.2408,1.0,0.007993791,0.3287,1.0,0.220644414,1.0,1.0,1.0
443,1.0,0.4103,1.0,0.005597395,0.4937,1.0,0.228326619,1.0,1.0,1.0
444,1.0,0.3947,1.0,0.000278694,0.4051,1.0,0.249962687,1.0,1.0,1.0
445,1.0,0.4113,1.0,0.001278759,0.4479,1.0,0.294630557,1.0,1.0,1.0
446,1.0,0.4268,1.0,0.046346176,0.5024,1.0,0.435009688,1.0,1.0,1.0
447,1.0,0.4759,1.0,0.131557837,0.5042,1.0,0.534835398,1.0,1.0,1.0
448,1.0,0.4177,1.0,0.267515749,0.4513,1.0,0.485027254,1.0,1.0,1.0
449,1.0,0.3011,1.0,0.322509408,0.3717,1.0,0.371858001,1.0,1.0,1.0
450,1.0,0.1519,1.0,0.250873864,0.1946,1.0,0.454755306,1.0,1.0,1.0
451,1.0,0.0629,1.0,0.326118022,0.0958,1.0,0.431485951,1.0,1.0,1.0
452,1.0,0.0,1.0,0.556509852,0.0,1.0,0.381188035,1.0,1.0,1.0
453,1.0,0.0,1.0,0.7263484,0.0,1.0,0.264171302,1.0,1.0,1.0
454,1.0,0.0,1.0,0.575021565,0.0,1.0,0.118224435,1.0,1.0,1.0
455,1.0,0.0,1.0,0.781500399,0.0,1.0,0.135651886,1.0,1.0,1.0
456,1.0,0.0,1.0,0.822874248,0.0,1.0,0.251149178,1.0,1.0,1.0
457,1.0,0.0,1.0,0.913995326,0.0,1.0,0.233627915,1.0,1.0,1.0
458,1.0,0.0,1.0,0.991277099,0.0,1.0,0.334355146,1.0,1.0,1.0
459,1.0,0.0,1.0,0.999656141,0.0,1.0,0.423667073,1.0,1.0,1.0
460,1.0,0.0,1.0,1.0,0.0,1.0,0.541200876,1.0,1.0,1.0
461,1.0,0.0,1.0,0.998488963,0.0,1.0,0.704652429,1.0,1.0,1.0
462,1.0,0.0655,1.0,1.0,0.0876,1.0,0.81027323,1.0,1.0,1.0
463,1.0,0.1207,1.0,0.857438207,0.1365,1.0,0.924233258,1.0,1.0,1.0
464,1.0,0.2508,1.0,0.874512911,0.2938,1.0,0.937140346,1.0,1.0,1.0
465,1.0,0.4298,1.0,0.904477656,0.4662,1.0,0.98005265,1.0,1.0,1.0
466,1.0,0.5837,1.0,0.876388371,0.6014,1.0,0.991016746,1.0,1.0,1.0
467,1.0,0.6924,1.0,0.377057523,0.6941,1.0,0.952554226,1.0,1.0,1.0
468,1.0,0.7224,1.0,0.391678184,0.7264,1.0,0.915747762,1.0,1.0,1.0
469,1.0,0.7193,1.0,0.352144361,0.7241,1.0,0.849409342,1.0,1.0,1.0
470,1.0,0.713,1.0,0.238107786,0.7211,1.0,0.763644814,1.0,1.0,1.0
471,1.0,0.629,1.0,0.194672585,0.6509,1.0,0.86974442,1.0,1.0,1.0
472,1.0,0.5021,1.0,0.188734755,0.5351,1.0,0.754380822,1.0,1.0,1.0
473,1.0,0.3394,1.0,0.180827931,0.3904,1.0,0.666396976,1.0,1.0,1.0
474,1.0,0.1538,1.0,0.177002564,0.2148,1.0,0.586677849,1.0,1.0,1.0
475,1.0,0.0874,1.0,0.197509423,0.1168,1.0,0.558259547,1.0,1.0,1.0
476,1.0,0.0,1.0,0.19805795,0.0,1.0,0.454772532,1.0,1.0,1.0
477,1.0,0.0,1.0,0.372504592,0.0,1.0,0.345326543,1.0,1.0,1.0
478,1.0,0.0,1.0,0.483164936,0.0,1.0,0.390782446,1.0,1.0,1.0
479,1.0,0.0,1.0,0.590775192,0.0,1.0,0.382200956,1.0,1.0,1.0
480,1.0,0.0,1.0,0.861515999,0.0,1.0,0.451947719,1.0,1.0,1.0
481,1.0,0.0,1.0,0.94478178,0.0,1.0,0.52812326,1.0,1.0,1.0
482,1.0,0.0,1.0,0.802502394,0.0,1.0,0.646528125,1.0,1.0,1.0
483,1.0,0.0,1.0,0.762090623,0.0,1.0,0.636443138,1.0,1.0,1.0
484,1.0,0.0,1.0,0.543957233,0.0,1.0,0.63838315,1.0,1.0,1.0
485,1.0,0.0,1.0,0.197991416,0.0,1.0,0.611595929,1.0,1.0,1.0
486,1.0,0.1456,1.0,0.587909341,0.1737,1.0,0.511119843,1.0,1.0,1.0
487,1.0,0.1055,1.0,0.397725999,0.1423,1.0,0.32858789,1.0,1.0,1.0
488,1.0,0.2666,1.0,0.161050498,0.298,1.0,0.109039932,1.0,1.0,1.0
489,1.0,0.4338,1.0,0.024184516,0.4572,1.0,0.064888366,1.0,1.0,1.0
490,1.0,0.5573,1.0,5.58e-5,0.5676,1.0,0.067223519,1.0,1.0,1.0
491,1.0,0.6376,1.0,0.004360386,0.6456,1.0,0.140771076,1.0,1.0,1.0
492,1.0,0.6613,1.0,0.061291423,0.6885,1.0,0.125361189,1.0,1.0,1.0
493,1.0,0.6631,1.0,0.112109691,0.6972,1.0,0.134186745,1.0,1.0,1.0
494,1.0,0.6473,1.0,0.168797493,0.6911,1.0,0.219075739,1.0,1.0,1.0
495,1.0,0.5858,1.0,0.068475597,0.6217,1.0,0.271732807,1.0,1.0,1.0
496,1.0,0.4687,1.0,0.05623997,0.516,1.0,0.373480558,1.0,1.0,1.0
497,1.0,0.3282,1.0,0.196977526,0.3821,1.0,0.420947373,1.0,1.0,1.0
498,1.0,0.1581,1.0,0.145310938,0.2116,1.0,0.399564266,1.0,1.0,1.0
499,1.0,0.0825,1.0,0.08117944,0.1134,1.0,0.412721992,1.0,1.0,1.0
500,1.0,0.0,1.0,0.395142466,0.0,1.0,0.479608476,1.0,1.0,1.0
501,1.0,0.0,1.0,0.576718569,0.0,1.0,0.468876302,1.0,1.0,1.0
502,1.0,0.0,1.0,0.496503055,0.0,1.0,0.375555575,1.0,1.0,1.0
503,1.0,0.0,1.0,0.311145484,0.0,1.0,0.430018127,1.0,1.0,1.0
504,1.0,0.0,1.0,0.279244363,0.0,1.0,0.408354908,1.0,1.0,1.0
505,1.0,0.0,1.0,0.526444972,0.0,1.0,0.098600581,1.0,1.0,1.0
506,1.0,0.0,1.0,0.75850749,0.0,1.0,0.115261734,1.0,1.0,1.0
507,1.0,0.0,1.0,0.894783676,0.0,1.0,0.142884791,1.0,1.0,1.0
508,1.0,0.0,1.0,0.931936324,0.0,1.0,0.212624192,1.0,1.0,1.0
509,1.0,0.0,1.0,0.874660432,0.0,1.0,0.271214068,1.0,1.0,1.0
510,1.0,0.0,1.0,0.730279565,0.0,1.0,0.368891239,1.0,1.0,1.0
511,1.0,0.0202,1.0,0.508605838,0.0353,1.0,0.491808176,1.0,1.0,1.0
512,1.0,0.2003,1.0,0.360405654,0.2328,1.0,0.546043754,1.0,1.0,1.0
513,1.0,0.3569,1.0,0.865559697,0.3991,1.0,0.531813502,1.0,1.0,1.0
514,1.0,0.4826,1.0,0.997548342,0.5443,1.0,0.587571323,1.0,1.0,1.0
515,1.0,0.5807,1.0,1.0,0.6581,1.0,0.682862282,1.0,1.0,1.0
516,1.0,0.6111,1.0,0.999225259,0.6947,1.0,0.634689093,1.0,1.0,1.0
517,1.0,0.6514,1.0,0.959654391,0.7107,1.0,0.681417227,1.0,1.0,1.0
518,1.0,0.6594,1.0,0.975988925,0.7251,1.0,0.831447601,1.0,1.0,1.0
519,1.0,0.6682,1.0,1.0,0.7135,1.0,0.879980803,1.0,1.0,1.0
520,1.0,0.5455,1.0,1.0,0.5933,1.0,0.928339779,1.0,1.0,1.0
521,1.0,0.3775,1.0,1.0,0.4316,1.0,0.891042888,1.0,1.0,1.0
522,1.0,0.1581,1.0,1.0,0.211,1.0,0.945803404,1.0,1.0,1.0
523,1.0,0.0085,1.0,0.973414481,0.0362,1.0,0.970251083,1.0,1.0,1.0
524,1.0,0.0,1.0,0.692274332,0.0,1.0,0.897943377,1.0,1.0,1.0
525,1.0,0.0,1.0,0.978909016,0.0,1.0,0.938805819,1.0,1.0,1.0
526,1.0,0.0,1.0,0.998888671,0.0,1.0,0.92493552,1.0,1.0,1.0
527,1.0,0.0,1.0,0.855260193,0.0,1.0,0.967007875,1.0,1.0,1.0
528,1.0,0.0,1.0,0.552429259,0.0,1.0,0.92389071,1.0,1.0,1.0
529,1.0,0.0,1.0,0.397631437,0.0,1.0,0.869675279,1.0,1.0,1.0
530,1.0,0.0,1.0,0.416858375,0.0,1.0,0.820151448,1.0,1.0,1.0
531,1.0,0.0,1.0,0.577966988,0.0,1.0,0.807584405,1.0,1.0,1.0
532,1.0,0.0,1.0,0.618615448,0.0,1.0,0.730221272,1.0,1.0,1.0
533,1.0,0.0,1.0,0.765486717,0.0,1.0,0.843143702,1.0,1.0,1.0
534,1.0,0.0,1.0,0.662588239,0.0,1.0,0.947347581,1.0,1.0,1.0
535,1.0,0.0496,1.0,0.580062747,0.0713,1.0,0.956148624,1.0,1.0,1.0
536,1.0,0.2468,1.0,0.435473859,0.2695,1.0,0.908444881,1.0,1.0,1.0
537,1.0,0.4598,1.0,0.54192251,0.478,1.0,0.97736454,1.0,1.0,1.0
538,1.0,0.625,1.0,0.916106462,0.6325,1.0,0.974140763,1.0,1.0,1.0
539,1.0,0.7514,1.0,0.948409855,0.7526,1.0,0.98786211,1.0,1.0,1.0
540,1.0,0.7624,1.0,0.980751812,0.7707,1.0,0.992689848,1.0,1.0,1.0
541,1.0,0.7642,1.0,0.986403823,0.7735,1.0,0.990797043,1.0,1.0,1.0
542,1.0,0.7554,1.0,0.956596732,0.7577,1.0,0.994951785,1.0,1.0,1.0
543,1.0,0.7045,1.0,0.997791648,0.7077,1.0,0.98063904,1.0,1.0,1.0
544,1.0,0.5605,1.0,1.0,0.5966,1.0,0.984585404,1.0,1.0,1.0
545,1.0,0.3719,1.0,1.0,0.4238,1.0,0.916905522,1.0,1.0,1.0
546,1.0,0.1554,1.0,0.86634624,0.2109,1.0,0.885262251,1.0,1.0,1.0
547,1.0,0.01,1.0,0.528640687,0.0329,1.0,0.840616822,1.0,1.0,1.0
548,1.0,0.0,1.0,0.795039415,0.0,1.0,0.815015435,1.0,1.0,1.0
549,1.0,0.0,1.0,0.751122892,0.0,1.0,0.938581347,1.0,1.0,1.0
550,1.0,0.0,1.0,0.728108585,0.0,1.0,0.954377413,1.0,1.0,1.0
551,1.0,0.0,1.0,0.277129561,0.0,1.0,0.984671354,1.0,1.0,1.0
552,1.0,0.0,1.0,0.514240384,0.0,1.0,0.950216711,1.0,1.0,1.0
553,1.0,0.0,1.0,0.610370815,0.0,1.0,0.925014377,1.0,1.0,1.0
554,1.0,0.0,1.0,0.707293034,0.0,1.0,0.784544349,1.0,1.0,1.0
555,1.0,0.0,1.0,0.615058899,0.0,1.0,0.755298615,1.0,1.0,1.0
556,1.0,0.0,1.0,0.210253894,0.0,1.0,0.754068971,1.0,1.0,1.0
557,1.0,0.0,1.0,0.260377795,0.0,1.0,0.657276571,1.0,1.0,1.0
558,1.0,0.0,1.0,0.526750207,0.0,1.0,0.48626256,1.0,1.0,1.0
559,1.0,0.0491,1.0,0.494337678,0.0645,1.0,0.493230253,1.0,1.0,1.0
560,1.0,0.2141,1.0,0.623210013,0.2388,1.0,0.443347752,1.0,1.0,1.0
561,1.0,0.4515,1.0,0.16141215,0.4697,1.0,0.478293538,1.0,1.0,1.0
562,1.0,0.6117,1.0,0.635558605,0.6216,1.0,0.407573462,1.0,1.0,1.0
563,1.0,0.6309,1.0,0.946572721,0.6341,1.0,0.364196599,1.0,1.0,1.0
564,1.0,0.7525,1.0,0.94533217,0.7604,1.0,0.697602332,1.0,1.0,1.0
565,1.0,0.7496,1.0,0.991161346,0.7653,1.0,0.810481012,1.0,1.0,1.0
566,1.0,0.7257,1.0,0.998389125,0.7561,1.0,0.921190739,1.0,1.0,1.0
567,1.0,0.6541,1.0,1.0,0.6999,1.0,0.967543125,1.0,1.0,1.0
568,1.0,0.4976,1.0,1.0,0.562,1.0,0.940983415,1.0,1.0,1.0
569,1.0,0.3381,1.0,1.0,0.397,1.0,0.944266915,1.0,1.0,1.0
570,1.0,0.147,1.0,1.0,0.1981,1.0,0.916741967,1.0,1.0,1.0
571,1.0,0.0018,1.0,1.0,0.024,1.0,0.846700251,1.0,1.0,1.0
572,1.0,0.0,1.0,0.997618616,0.0,1.0,0.853501797,1.0,1.0,1.0
573,1.0,0.0,1.0,0.994185925,0.0,1.0,0.910622418,1.0,1.0,1.0
574,1.0,0.0,1.0,0.998086751,0.0,1.0,0.932775259,1.0,1.0,1.0
575,1.0,0.0,1.0,0.657924652,0.0,1.0,0.990984201,1.0,1.0,1.0
576,1.0,0.0,1.0,0.962484121,0.0,1.0,0.977195978,1.0,1.0,1.0
577,1.0,0.0,1.0,0.991599917,0.0,1.0,0.894724727,1.0,1.0,1.0
578,1.0,0.0,1.0,0.954193056,0.0,1.0,0.924218655,1.0,1.0,1.0
579,1.0,0.0,1.0,0.72434181,0.0,1.0,0.979826152,1.0,1.0,1.0
580,1.0,0.0,1.0,0.42536217,0.0,1.0,0.985859513,1.0,1.0,1.0
581,1.0,0.0,1.0,0.535519063,0.0,1.0,0.987076342,1.0,1.0,1.0
582,1.0,0.0,1.0,0.578804672,0.0,1.0,0.98782289,1.0,1.0,1.0
583,1.0,0.0491,1.0,0.737811685,0.0718,1.0,0.997210741,1.0,1.0,1.0
584,1.0,0.2422,1.0,0.556690693,0.2699,1.0,0.925343931,1.0,1.0,1.0
585,1.0,0.4257,1.0,0.760000706,0.4642,1.0,0.989134789,1.0,1.0,1.0
586,1.0,0.546,1.0,0.972604573,0.5714,1.0,0.997454882,1.0,1.0,1.0
587,1.0,0.6216,1.0,0.869342744,0.6484,1.0,0.99705863,1.0,1.0,1.0
588,1.0,0.5762,1.0,0.852606177,0.6217,1.0,0.987896979,1.0,1.0,1.0
589,1.0,0.5653,1.0,0.76187408,0.6372,1.0,0.949284077,1.0,1.0,1.0
590,1.0,0.6065,1.0,0.880021572,0.6742,1.0,0.97899884,1.0,1.0,1.0
591,1.0,0.6343,1.0,0.826500237,0.697,1.0,0.960594893,1.0,1.0,1.0
592,1.0,0.5315,1.0,0.835894942,0.5815,1.0,0.978394508,1.0,1.0,1.0
593,1.0,0.2983,1.0,0.838548958,0.3161,1.0,0.970323086,1.0,1.0,1.0
594,1.0,0.16,1.0,0.901864767,0.2137,1.0,0.895030737,1.0,1.0,1.0
595,1.0,0.014,1.0,0.315919757,0.0404,1.0,0.872410417,1.0,1.0,1.0
596,1.0,0.0,1.0,0.460196376,0.0,1.0,0.877511561,1.0,1.0,1.0
597,1.0,0.0,1.0,0.896395445,0.0,1.0,0.792083144,1.0,1.0,1.0
598,1.0,0.0,1.0,0.893864036,0.0,1.0,0.739928126,1.0,1.0,1.0
599,1.0,0.0,1.0,0.527086258,0.0,1.0,0.825980067,1.0,1.0,1.0
600,1.0,0.0,1.0,0.765067697,0.0,1.0,0.907684386,1.0,1.0,1.0
601,1.0,0.0,1.0,0.754010499,0.0,1.0,0.877112508,1.0,1.0,1.0
602,1.0,0.0,1.0,0.657406449,0.0,1.0,0.787988305,1.0,1.0,1.0
603,1.0,0.0,1.0,0.565697372,0.0,1.0,0.690844059,1.0,1.0,1.0
604,1.0,0.0,1.0,0.384382486,0.0,1.0,0.718586206,1.0,1.0,1.0
605,1.0,0.0,1.0,0.310511202,0.0,1.0,0.776922405,1.0,1.0,1.0
606,1.0,0.0,1.0,0.326935977,0.0,1.0,0.823327303,1.0,1.0,1.0
607,1.0,0.0569,1.0,0.159133941,0.0772,1.0,0.808087707,1.0,1.0,1.0
608,1.0,0.2498,1.0,0.078678884,0.2769,1.0,0.742047608,1.0,1.0,1.0
609,1.0,0.4465,1.0,0.042174269,0.4831,1.0,0.875864148,1.0,1.0,1.0
610,1.0,0.5542,1.0,0.198822305,0.6311,1.0,0.740602851,1.0,1.0,1.0
611,1.0,0.6096,1.0,0.211737916,0.7279,1.0,0.787062228,1.0,1.0,1.0
612,1.0,0.6639,1.0,0.510214329,0.745,1.0,0.748690844,1.0,1.0,1.0
613,1.0,0.7193,1.0,0.623225749,0.764,1.0,0.726950407,1.0,1.0,1.0
614,1.0,0.737,1.0,0.777524769,0.7684,1.0,0.753498971,1.0,1.0,1.0
615,1.0,0.6988,1.0,0.76534605,0.7296,1.0,0.862816274,1.0,1.0,1.0
616,1.0,0.562,1.0,0.883258581,0.6023,1.0,0.892723799,1.0,1.0,1.0
617,1.0,0.385,1.0,0.962014854,0.435,1.0,0.922289252,1.0,1.0,1.0
618,1.0,0.1601,1.0,0.870566249,0.2154,1.0,0.879584551,1.0,1.0,1.0
619,1.0,0.0192,1.0,0.766178727,0.0465,1.0,0.673972726,1.0,1.0,1.0
620,1.0,0.0,1.0,0.615167737,0.0,1.0,0.672815204,1.0,1.0,1.0
621,1.0,0.0,1.0,0.700076938,0.0,1.0,0.797887325,1.0,1.0,1.0
622,1.0,0.0,1.0,0.962304175,0.0,1.0,0.875704408,1.0,1.0,1.0
623,1.0,0.0,1.0,0.963409901,0.0,1.0,0.81943959,1.0,1.0,1.0
624,1.0,0.0,1.0,0.928434312,0.0,1.0,0.726597428,1.0,1.0,1.0
625,1.0,0.0,1.0,0.932800353,0.0,1.0,0.691079974,1.0,1.0,1.0
626,1.0,0.0,1.0,0.816264093,0.0,1.0,0.606354475,1.0,1.0,1.0
627,1.0,0.0,1.0,0.599873602,0.0,1.0,0.600069642,1.0,1.0,1.0
628,1.0,0.0,1.0,0.567400694,0.0,1.0,0.561338723,1.0,1.0,1.0
629,1.0,0.0,1.0,0.548834383,0.0,1.0,0.5388906,1.0,1.0,1.0
630,1.0,0.0,1.0,0.529896438,0.0,1.0,0.545450032,1.0,1.0,1.0
631,1.0,0.0555,1.0,0.38897422,0.0779,1.0,0.575666666,1.0,1.0,1.0
632,1.0,0.241,1.0,0.475962877,0.2745,1.0,0.428089738,1.0,1.0,1.0
633,1.0,0.4392,1.0,0.201170787,0.475,1.0,0.688214302,1.0,1.0,1.0
634,1.0,0.6086,1.0,0.351221025,0.6284,1.0,0.597006738,1.0,1.0,1.0
635,1.0,0.7464,1.0,0.483489156,0.7511,1.0,0.527412951,1.0,1.0,1.0
636,1.0,0.757,1.0,0.690884709,0.7673,1.0,0.592816889,1.0,1.0,1.0
637,1.0,0.7343,1.0,0.674337149,0.7677,1.0,0.538183451,1.0,1.0,1.0
638,1.0,0.6407,1.0,0.78685838,0.7558,1.0,0.815828443,1.0,1.0,1.0
639,1.0,0.5061,1.0,0.98402071,0.6718,1.0,0.873592973,1.0,1.0,1.0
640,1.0,0.3957,1.0,0.903760672,0.4877,1.0,0.881642699,1.0,1.0,1.0
641,1.0,0.2808,1.0,0.89791584,0.3224,1.0,0.81540525,1.0,1.0,1.0
642,1.0,0.1299,1.0,0.913399279,0.1501,1.0,0.738729358,1.0,1.0,1.0
643,1.0,0.0,1.0,0.872227252,0.0021,1.0,0.75633961,1.0,1.0,1.0
644,1.0,0.0,1.0,0.404459774,0.0,1.0,0.562729239,1.0,1.0,1.0
645,1.0,0.0,1.0,0.709199846,0.0,1.0,0.570999205,1.0,1.0,1.0
646,1.0,0.0,1.0,0.472842991,0.0,1.0,0.593666255,1.0,1.0,1.0
647,1.0,0.0,1.0,0.227803484,0.0,1.0,0.545581639,1.0,1.0,1.0
648,1.0,0.0,1.0,0.066427588,0.0,1.0,0.486950397,1.0,1.0,1.0
649,1.0,0.0,1.0,0.042624444,0.0,1.0,0.500508964,1.0,1.0,1.0
650,1.0,0.0,1.0,0.034631681,0.0,1.0,0.552823305,1.0,1.0,1.0
651,1.0,0.0,1.0,0.025138188,0.0,1.0,0.469641715,1.0,1.0,1.0
652,1.0,0.0,1.0,0.04262846,0.0,1.0,0.411257327,1.0,1.0,1.0
653,1.0,0.0,1.0,0.044935986,0.0,1.0,0.497995079,1.0,1.0,1.0
654,1.0,0.0,1.0,0.059543714,0.0,1.0,0.628755212,1.0,1.0,1.0
655,1.0,0.0464,1.0,0.01316344,0.053,1.0,0.687722206,1.0,1.0,1.0
656,1.0,0.209,1.0,0.191697478,0.2357,1.0,0.47419405,1.0,1.0,1.0
657,1.0,0.3667,1.0,0.104705915,0.4154,1.0,0.78217864,1.0,1.0,1.0
658,1.0,0.4803,1.0,0.196067035,0.5534,1.0,0.658625841,1.0,1.0,1.0
659,1.0,0.4824,1.0,0.483586341,0.5898,1.0,0.764708459,1.0,1.0,1.0
660,1.0,0.45,1.0,0.573670864,0.5845,1.0,0.767407298,1.0,1.0,1.0
661,1.0,0.4528,1.0,0.536878049,0.6481,1.0,0.840754867,1.0,1.0,1.0
662,1.0,0.4866,1.0,0.59938544,0.6926,1.0,0.879485726,1.0,1.0,1.0
663,1.0,0.5044,1.0,0.588528514,0.665,1.0,0.964078307,1.0,1.0,1.0
664,1.0,0.4501,1.0,0.644405365,0.5611,1.0,0.928479791,1.0,1.0,1.0
665,1.0,0.3317,1.0,0.733738005,0.4108,1.0,0.86791718,1.0,1.0,1.0
666,1.0,0.1451,1.0,0.749747097,0.1975,1.0,0.767240405,1.0,1.0,1.0
667,1.0,0.0059,1.0,0.759497046,0.0421,1.0,0.744647205,1.0,1.0,1.0
668,1.0,0.0,1.0,0.785305142,0.0,1.0,0.779281855,1.0,1.0,1.0
669,1.0,0.0,1.0,0.850022435,0.0,1.0,0.655122697,1.0,1.0,1.0
670,1.0,0.0,1.0,0.948854566,0.0,1.0,0.552358508,1.0,1.0,1.0
671,1.0,0.0,1.0,0.956380665,0.0,1.0,0.597885609,1.0,1.0,1.0
672,1.0,0.0,1.0,0.985048413,0.0,1.0,0.582608342,1.0,1.0,1.0
673,1.0,0.0,1.0,0.030498166,0.0,1.0,0.174070239,1.0,1.0,1.0
674,1.0,0.0,1.0,0.025928479,0.0,1.0,0.165166825,1.0,1.0,1.0
675,1.0,0.0,1.0,0.006623355,0.0,1.0,0.271849751,1.0,1.0,1.0
676,1.0,0.0,1.0,0.004195502,0.0,1.0,0.334739447,1.0,1.0,1.0
677,1.0,0.0,1.0,0.003915712,0.0,1.0,0.426423132,1.0,1.0,1.0
678,1.0,0.0,1.0,0.000611192,0.0,1.0,0.513783514,1.0,1.0,1.0
679,1.0,0.0,1.0,0.00042258,0.0,1.0,0.589468837,1.0,1.0,1.0
680,1.0,0.1056,1.0,0.0,0.0757,1.0,0.361149788,1.0,1.0,1.0
681,1.0,0.3458,1.0,0.006205306,0.3169,1.0,0.403670132,1.0,1.0,1.0
682,1.0,0.5296,1.0,0.02077573,0.4553,1.0,0.740217388,1.0,1.0,1.0
683,1.0,0.648,1.0,0.05738239,0.5969,1.0,0.695231199,1.0,1.0,1.0
684,1.0,0.6685,1.0,0.004123469,0.6605,1.0,0.56960541,1.0,1.0,1.0
685,1.0,0.667,1.0,0.003181619,0.6424,1.0,0.33607778,1.0,1.0,1.0
686,1.0,0.6408,1.0,0.002545435,0.6343,1.0,0.304553092,1.0,1.0,1.0
687,1.0,0.5113,1.0,5.07e-5,0.5214,1.0,0.259810567,1.0,1.0,1.0
688,1.0,0.3324,1.0,0.000132211,0.3438,1.0,0.236268342,1.0,1.0,1.0
689,1.0,0.0819,1.0,7.97e-6,0.0846,1.0,0.061408207,1.0,1.0,1.0
690,1.0,0.0,1.0,0.0,0.0,1.0,0.004481197,1.0,1.0,1.0
691,1.0,0.0,1.0,0.0,0.0,1.0,0.008243956,1.0,1.0,1.0
692,1.0,0.0,1.0,2.58e-5,0.0,1.0,0.018618584,1.0,1.0,1.0
693,1.0,0.0,1.0,0.000337397,0.0,1.0,0.018263429,1.0,1.0,1.0
694,1.0,0.0,1.0,0.000136994,0.0,1.0,0.011282207,1.0,1.0,1.0
695,1.0,0.0,1.0,0.000586161,0.0,1.0,0.014353001,1.0,1.0,1.0
696,1.0,0.0,1.0,1.81e-5,0.0,1.0,0.001594634,1.0,1.0,1.0
697,1.0,0.0,1.0,0.0,0.0,1.0,0.003636768,1.0,1.0,1.0
698,1.0,0.0,1.0,0.0,0.0,1.0,0.002214964,1.0,1.0,1.0
699,1.0,0.0,1.0,0.0,0.0,1.0,0.002329658,1.0,1.0,1.0
700,1.0,0.0,1.0,2.35e-6,0.0,1.0,0.006073506,1.0,1.0,1.0
701,1.0,0.0,1.0,1.12e-5,0.0,1.0,0.008268857,1.0,1.0,1.0
702,1.0,0.0,1.0,0.001577535,0.0,1.0,0.008612852,1.0,1.0,1.0
703,1.0,0.0,1.0,0.003389223,0.0,1.0,0.027142528,1.0,1.0,1.0
704,1.0,0.0737,1.0,0.006617373,0.071,1.0,0.023900874,1.0,1.0,1.0
705,1.0,0.3074,1.0,0.000551731,0.3276,1.0,0.031550162,1.0,1.0,1.0
706,1.0,0.4571,1.0,0.008130776,0.4827,1.0,0.031995535,1.0,1.0,1.0
707,1.0,0.5656,1.0,0.104312487,0.5614,1.0,0.040724412,1.0,1.0,1.0
708,1.0,0.5666,1.0,0.248821035,0.5822,1.0,0.068343617,1.0,1.0,1.0
709,1.0,0.5863,1.0,0.358969569,0.6355,1.0,0.060507488,1.0,1.0,1.0
710,1.0,0.5924,1.0,0.33163476,0.639,1.0,0.067065798,1.0,1.0,1.0
711,1.0,0.503,1.0,0.333943963,0.5314,1.0,0.074005753,1.0,1.0,1.0
712,1.0,0.3328,1.0,0.411874592,0.3618,1.0,0.032483708,1.0,1.0,1.0
713,1.0,0.0969,1.0,0.184629649,0.1279,1.0,0.032134779,1.0,1.0,1.0
714,1.0,0.0,1.0,0.118425816,0.0,1.0,0.021165382,1.0,1.0,1.0
715,1.0,0.0,1.0,0.031226324,0.0,1.0,0.026489248,1.0,1.0,1.0
716,1.0,0.0,1.0,0.016612323,0.0,1.0,0.038933448,1.0,1.0,1.0
717,1.0,0.0,1.0,0.029330261,0.0,1.0,0.041035555,1.0,1.0,1.0
718,1.0,0.0,1.0,0.044350788,0.0,1.0,0.048563533,1.0,1.0,1.0
719,1.0,0.0,1.0,0.026014643,0.0,1.0,0.037276737,1.0,1.0,1.0
720,1.0,0.0,1.0,0.012158372,0.0,1.0,0.041671321,1.0,1.0,1.0
721,1.0,0.0,1.0,0.000170827,0.0,1.0,0.039480999,1.0,1.0,1.0
722,1.0,0.0,1.0,0.000330491,0.0,1.0,0.042134315,1.0,1.0,1.0
723,1.0,0.0,1.0,0.008975953,0.0,1.0,0.047144126,1.0,1.0,1.0
724,1.0,0.0,1.0,0.028366176,0.0,1.0,0.044882912,1.0,1.0,1.0
725,1.0,0.0,1.0,0.047658481,0.0,1.0,0.040577874,1.0,1.0,1.0
726,1.0,0.0,1.0,0.020951875,0.0,1.0,0.04116822,1.0,1.0,1.0
727,1.0,0.0,1.0,0.016528202,0.0,1.0,0.043201886,1.0,1.0,1.0
728,1.0,0.103,1.0,0.061987393,0.0719,1.0,0.052069955,1.0,1.0,1.0
729,1.0,0.3367,1.0,0.029779723,0.3259,1.0,0.058852695,1.0,1.0,1.0
730,1.0,0.5029,1.0,0.038432878,0.5018,1.0,0.088490315,1.0,1.0,1.0
731,1.0,0.6295,1.0,0.059015073,0.6078,1.0,0.135328561,1.0,1.0,1.0
732,1.0,0.641,1.0,0.170929462,0.6065,1.0,0.234617501,1.0,1.0,1.0
733,1.0,0.6296,1.0,0.330376446,0.6128,1.0,0.235211819,1.0,1.0,1.0
734,1.0,0.6023,1.0,0.40051046,0.5842,1.0,0.393817782,1.0,1.0,1.0
735,1.0,0.4756,1.0,0.54056108,0.481,1.0,0.508648992,1.0,1.0,1.0
736,1.0,0.3125,1.0,0.445490211,0.3059,1.0,0.387741148,1.0,1.0,1.0
737,1.0,0.0716,1.0,0.353917331,0.0951,1.0,0.300351799,1.0,1.0,1.0
738,1.0,0.0,1.0,0.474078,0.0,1.0,0.284488797,1.0,1.0,1.0
739,1.0,0.0,1.0,0.494052589,0.0,1.0,0.337671727,1.0,1.0,1.0
740,1.0,0.0,1.0,0.595775306,0.0,1.0,0.348833591,1.0,1.0,1.0
741,1.0,0.0,1.0,0.62349987,0.0,1.0,0.487308443,1.0,1.0,1.0
742,1.0,0.0,1.0,0.696579933,0.0,1.0,0.555295467,1.0,1.0,1.0
743,1.0,0.0,1.0,0.625244915,0.0,1.0,0.644382298,1.0,1.0,1.0
744,1.0,0.0,1.0,0.672557771,0.0,1.0,0.689055562,1.0,1.0,1.0
745,1.0,0.0,1.0,0.566133976,0.0,1.0,0.767054141,1.0,1.0,1.0
746,1.0,0.0,1.0,0.705252767,0.0,1.0,0.732545972,1.0,1.0,1.0
747,1.0,0.0,1.0,0.513045669,0.0,1.0,0.767071962,1.0,1.0,1.0
748,1.0,0.0,1.0,0.510314405,0.0,1.0,0.481121004,1.0,1.0,1.0
749,1.0,0.0,1.0,0.729553521,0.0,1.0,0.413037866,1.0,1.0,1.0
750,1.0,0.0,1.0,0.761322439,0.0,1.0,0.607999206,1.0,1.0,1.0
751,1.0,0.0,1.0,0.493663102,0.0,1.0,0.52047503,1.0,1.0,1.0
752,1.0,0.0002,1.0,0.36528033,0.0,1.0,0.459775805,1.0,1.0,1.0
753,1.0,0.2048,1.0,0.331763327,0.2009,1.0,0.419153154,1.0,1.0,1.0
754,1.0,0.3617,1.0,0.315054476,0.3846,1.0,0.349077016,1.0,1.0,1.0
755,1.0,0.4551,1.0,0.36612308,0.4206,1.0,0.233005673,1.0,1.0,1.0
756,1.0,0.4406,1.0,0.407980204,0.4248,1.0,0.175957173,1.0,1.0,1.0
757,1.0,0.3895,1.0,0.788694203,0.4079,1.0,0.30339554,1.0,1.0,1.0
758,1.0,0.3436,1.0,0.471933067,0.3871,1.0,0.439860284,1.0,1.0,1.0
759,1.0,0.2994,1.0,0.671246827,0.3139,1.0,0.449415863,1.0,1.0,1.0
760,1.0,0.1652,1.0,0.435648322,0.2324,1.0,0.542967975,1.0,1.0,1.0
761,1.0,0.012,1.0,0.209347382,0.0679,1.0,0.240013599,1.0,1.0,1.0
762,1.0,0.0,1.0,0.228019759,0.0,1.0,0.114786729,1.0,1.0,1.0
763,1.0,0.0,1.0,0.536509931,0.0,1.0,0.591418445,1.0,1.0,1.0
764,1.0,0.0,1.0,0.538068175,0.0,1.0,0.592992246,1.0,1.0,1.0
765,1.0,0.0,1.0,0.230950385,0.0,1.0,0.078851521,1.0,1.0,1.0
766,1.0,0.0,1.0,0.169289395,0.0,1.0,0.0990365,1.0,1.0,1.0
767,1.0,0.0,1.0,0.201660678,0.0,1.0,0.135033727,1.0,1.0,1.0
768,1.0,0.0,1.0,0.138939247,0.0,1.0,0.119213603,1.0,1.0,1.0
769,1.0,0.0,1.0,0.036772445,0.0,1.0,0.056109518,1.0,1.0,1.0
770,1.0,0.0,1.0,0.00308613,0.0,1.0,0.031988516,1.0,1.0,1.0
771,1.0,0.0,1.0,0.000706943,0.0,1.0,0.062169198,1.0,1.0,1.0
772,1.0,0.0,1.0,0.001301517,0.0,1.0,0.043859672,1.0,1.0,1.0
773,1.0,0.0,1.0,0.016332004,0.0,1.0,0.026609097,1.0,1.0,1.0
774,1.0,0.0,1.0,0.008077377,0.0,1.0,0.018657302,1.0,1.0,1.0
775,1.0,0.0,1.0,0.019539453,0.0,1.0,0.028255571,1.0,1.0,1.0
776,1.0,0.0741,1.0,0.002058651,0.0775,1.0,0.028066568,1.0,1.0,1.0
777,1.0,0.3326,1.0,0.056036718,0.3077,1.0,0.058862176,1.0,1.0,1.0
778,1.0,0.513,1.0,0.274677455,0.4897,1.0,0.210383117,1.0,1.0,1.0
779,1.0,0.6304,1.0,0.325939208,0.6502,1.0,0.310549378,1.0,1.0,1.0
780,1.0,0.6421,1.0,0.269390732,0.6793,1.0,0.312219173,1.0,1.0,1.0
781,1.0,0.6634,1.0,0.289349556,0.708,1.0,0.431685686,1.0,1.0,1.0
782,1.0,0.6169,1.0,0.0,0.6714,1.0,0.0,1.0,1.0,1.0
783,1.0,0.5355,1.0,0.208825722,0.5738,1.0,0.41941601,1.0,1.0,1.0
784,1.0,0.3307,1.0,0.0,0.3691,1.0,0.0,1.0,1.0,1.0
785,1.0,0.0844,1.0,0.0,0.1219,1.0,0.0,1.0,1.0,1.0
786,1.0,0.0,1.0,0.0,0.0,1.0,0.0,1.0,1.0,1.0
787,1.0,0.0,1.0,0.291040152,0.0,1.0,0.593102396,1.0,1.0,1.0
788,1.0,0.0,1.0,0.605302572,0.0,1.0,0.444494605,1.0,1.0,1.0
789,1.0,0.0,1.0,0.0,0.0,1.0,0.0,1.0,1.0,1.0
790,1.0,0.0,1.0,0.0,0.0,1.0,0.0,1.0,1.0,1.0
791,1.0,0.0,1.0,0.0,0.0,1.0,0.0,1.0,1.0,1.0
792,1.0,0.0,1.0,0.0,0.0,1.0,0.0,1.0,1.0,1.0
793,1.0,0.0,1.0,0.0,0.0,1.0,0.0,1.0,1.0,1.0
794,1.0,0.0,1.0,0.0,0.0,1.0,0.0,1.0,1.0,1.0
795,1.0,0.0,1.0,0.0,0.0,1.0,0.0,1.0,1.0,1.0
796,1.0,0.0,1.0,0.0,0.0,1.0,0.0,1.0,1.0,1.0
797,1.0,0.0,1.0,0.0,0.0,1.0,0.0,1.0,1.0,1.0
798,1.0,0.0,1.0,0.0,0.0,1.0,0.0,1.0,1.0,1.0
799,1.0,0.0,1.0,0.0,0.0,1.0,0.0,1.0,1.0,1.0
800,1.0,0.0709,1.0,0.0,0.0674,1.0,0.0,1.0,1.0,1.0
801,1.0,0.2937,1.0,0.0,0.2968,1.0,0.0,1.0,1.0,1.0
802,1.0,0.4255,1.0,0.0,0.461,1.0,0.0,1.0,1.0,1.0
803,1.0,0.5184,1.0,0.0,0.5393,1.0,0.0,1.0,1.0,1.0
804,1.0,0.5122,1.0,0.0,0.4746,1.0,0.0,1.0,1.0,1.0
805,1.0,0.4839,1.0,0.039806731,0.5537,1.0,0.174783945,1.0,1.0,1.0
806,1.0,0.4576,1.0,0.0,0.5086,1.0,0.0,1.0,1.0,1.0
807,1.0,0.4155,1.0,0.001499381,0.4354,1.0,0.17243734,1.0,1.0,1.0
808,1.0,0.2268,1.0,0.00029518,0.2009,1.0,0.3103351,1.0,1.0,1.0
809,1.0,0.0106,1.0,6.09e-5,0.0005,1.0,0.031522494,1.0,1.0,1.0
810,1.0,0.0,1.0,3.58e-5,0.0,1.0,0.003092523,1.0,1.0,1.0
811,1.0,0.0,1.0,4.91e-5,0.0,1.0,0.003174704,1.0,1.0,1.0
812,1.0,0.0,1.0,6.41e-5,0.0,1.0,0.005214957,1.0,1.0,1.0
813,1.0,0.0,1.0,4.74e-5,0.0,1.0,0.003555125,1.0,1.0,1.0
814,1.0,0.0,1.0,4.34e-5,0.0,1.0,0.002840152,1.0,1.0,1.0
815,1.0,0.0,1.0,5.87e-5,0.0,1.0,0.001750828,1.0,1.0,1.0
816,1.0,0.0,1.0,3.65e-5,0.0,1.0,0.001786857,1.0,1.0,1.0
817,1.0,0.0,1.0,5.04e-5,0.0,1.0,0.001802123,1.0,1.0,1.0
818,1.0,0.0,1.0,3.33e-5,0.0,1.0,0.001555054,1.0,1.0,1.0
819,1.0,0.0,1.0,6.57e-5,0.0,1.0,0.003194453,1.0,1.0,1.0
820,1.0,0.0,1.0,6.53e-5,0.0,1.0,0.005853857,1.0,1.0,1.0
821,1.0,0.0,1.0,7.02e-5,0.0,1.0,0.007757547,1.0,1.0,1.0
822,1.0,0.0,1.0,4.94e-5,0.0,1.0,0.015071672,1.0,1.0,1.0
823,1.0,0.0,1.0,1.12e-5,0.0,1.0,0.012148128,1.0,1.0,1.0
824,1.0,0.0,1.0,2.84e-5,0.0017,1.0,0.02393923,1.0,1.0,1.0
825,1.0,0.1785,1.0,0.000200419,0.2658,1.0,0.028790483,1.0,1.0,1.0
826,1.0,0.4377,1.0,0.00237218,0.4747,1.0,0.05589845,1.0,1.0,1.0
827,1.0,0.5751,1.0,0.051822416,0.5178,1.0,0.104964383,1.0,1.0,1.0
828,1.0,0.5155,1.0,0.056211028,0.4517,1.0,0.120550618,1.0,1.0,1.0
829,1.0,0.4923,1.0,0.071888499,0.3956,1.0,0.077960521,1.0,1.0,1.0
830,1.0,0.4147,1.0,0.085337453,0.3687,1.0,0.057773225,1.0,1.0,1.0
831,1.0,0.3057,1.0,0.076875716,0.2795,1.0,0.055509232,1.0,1.0,1.0
832,1.0,0.1433,1.0,0.020311095,0.1759,1.0,0.041455455,1.0,1.0,1.0
833,1.0,0.0014,1.0,0.027379906,0.0297,1.0,0.02190993,1.0,1.0,1.0
834,1.0,0.0,1.0,0.016506765,0.0,1.0,0.019985341,1.0,1.0,1.0
835,1.0,0.0,1.0,0.010661581,0.0,1.0,0.035227433,1.0,1.0,1.0
836,1.0,0.0,1.0,0.029216683,0.0,1.0,0.093530074,1.0,1.0,1.0
837,1.0,0.0,1.0,0.01897984,0.0,1.0,0.07657744,1.0,1.0,1.0
838,1.0,0.0,1.0,0.012963274,0.0,1.0,0.050331928,1.0,1.0,1.0
839,1.0,0.0,1.0,0.012143001,0.0,1.0,0.040419694,1.0,1.0,1.0
840,1.0,0.0,1.0,0.00058385,0.0,1.0,0.021879192,1.0,1.0,1.0
841,1.0,0.0,1.0,0.637001514,0.0,1.0,0.811786354,1.0,1.0,1.0
842,1.0,0.0,1.0,0.550767601,0.0,1.0,0.836008787,1.0,1.0,1.0
843,1.0,0.0,1.0,0.509570956,0.0,1.0,0.805447817,1.0,1.0,1.0
844,1.0,0.0,1.0,0.708533406,0.0,1.0,0.713231623,1.0,1.0,1.0
845,1.0,0.0,1.0,0.85241431,0.0,1.0,0.638344944,1.0,1.0,1.0
846,1.0,0.0,1.0,0.992044389,0.0,1.0,0.595443845,1.0,1.0,1.0
847,1.0,0.0,1.0,0.576828361,0.0,1.0,0.074237362,1.0,1.0,1.0
848,1.0,0.0,1.0,0.499022454,0.0,1.0,0.071709111,1.0,1.0,1.0
849,1.0,0.0978,1.0,0.734134138,0.0935,1.0,0.07799831,1.0,1.0,1.0
850,1.0,0.2792,1.0,0.998327315,0.2962,1.0,0.234298646,1.0,1.0,1.0
851,1.0,0.4105,1.0,1.0,0.4065,1.0,0.245920241,1.0,1.0,1.0
852,1.0,0.4492,1.0,1.0,0.4214,1.0,0.261467129,1.0,1.0,1.0
853,1.0,0.4963,1.0,1.0,0.43,1.0,0.244671449,1.0,1.0,1.0
854,1.0,0.4878,1.0,1.0,0.4406,1.0,0.287394404,1.0,1.0,1.0
855,1.0,0.4023,1.0,1.0,0.3807,1.0,0.31978786,1.0,1.0,1.0
856,1.0,0.2639,1.0,1.0,0.2685,1.0,0.356773227,1.0,1.0,1.0
857,1.0,0.0209,1.0,0.998755574,0.0563,1.0,0.466454327,1.0,1.0,1.0
858,1.0,0.0,1.0,0.877889574,0.0,1.0,0.630985141,1.0,1.0,1.0
859,1.0,0.0,1.0,0.882909715,0.0,1.0,0.707187116,1.0,1.0,1.0
860,1.0,0.0,1.0,0.950754344,0.0,1.0,0.819473982,1.0,1.0,1.0
861,1.0,0.0,1.0,0.974348128,0.0,1.0,0.5069381,1.0,1.0,1.0
862,1.0,0.0,1.0,1.0,0.0,1.0,0.897075057,1.0,1.0,1.0
863,1.0,0.0,1.0,0.994307339,0.0,1.0,0.90114522,1.0,1.0,1.0
864,1.0,0.0,1.0,0.99816674,0.0,1.0,0.94619894,1.0,1.0,1.0
865,1.0,0.0,1.0,0.991348386,0.0,1.0,0.917904496,1.0,1.0,1.0
866,1.0,0.0,1.0,0.9349401,0.0,1.0,0.985740066,1.0,1.0,1.0
867,1.0,0.0,1.0,0.895884573,0.0,1.0,0.989411354,1.0,1.0,1.0
868,1.0,0.0,1.0,0.905766428,0.0,1.0,0.98770678,1.0,1.0,1.0
869,1.0,0.0,1.0,0.955079734,0.0,1.0,0.983844399,1.0,1.0,1.0
870,1.0,0.0,1.0,0.985930979,0.0,1.0,0.975888431,1.0,1.0,1.0
871,1.0,0.0,1.0,0.937855124,0.0,1.0,0.959067583,1.0,1.0,1.0
872,1.0,0.0,1.0,0.827365756,0.0,1.0,0.94615835,1.0,1.0,1.0
873,1.0,0.2274,1.0,0.673906088,0.189,1.0,0.944834948,1.0,1.0,1.0
874,1.0,0.4451,1.0,0.525920928,0.346,1.0,0.868874252,1.0,1.0,1.0
875,1.0,0.5487,1.0,0.250736058,0.4271,1.0,0.827648282,1.0,1.0,1.0
876,1.0,0.5288,1.0,0.346493572,0.4127,1.0,0.833770573,1.0,1.0,1.0
877,1.0,0.4508,1.0,0.175522581,0.4253,1.0,0.859382033,1.0,1.0,1.0
878,1.0,0.4375,1.0,0.151652679,0.4323,1.0,0.808366656,1.0,1.0,1.0
879,1.0,0.3749,1.0,0.26580295,0.3965,1.0,0.718648612,1.0,1.0,1.0
880,1.0,0.2477,1.0,0.76519984,0.3089,1.0,0.686894178,1.0,1.0,1.0
881,1.0,0.0342,1.0,0.561110258,0.0853,1.0,0.652467132,1.0,1.0,1.0
882,1.0,0.0,1.0,0.201530188,0.0,1.0,0.646622181,1.0,1.0,1.0
883,1.0,0.0,1.0,0.469632506,0.0,1.0,0.6867342,1.0,1.0,1.0
884,1.0,0.0,1.0,0.65647018,0.0,1.0,0.532880247,1.0,1.0,1.0
885,1.0,0.0,1.0,0.907784522,0.0,1.0,0.489718676,1.0,1.0,1.0
886,1.0,0.0,1.0,0.838078797,0.0,1.0,0.470822036,1.0,1.0,1.0
887,1.0,0.0,1.0,0.612954617,0.0,1.0,0.338083714,1.0,1.0,1.0
888,1.0,0.0,1.0,0.935695052,0.0,1.0,0.384214431,1.0,1.0,1.0
889,1.0,0.0,1.0,0.891264915,0.0,1.0,0.376539081,1.0,1.0,1.0
890,1.0,0.0,1.0,0.901794314,0.0,1.0,0.547817469,1.0,1.0,1.0
891,1.0,0.0,1.0,0.580896437,0.0,1.0,0.66630137,1.0,1.0,1.0
892,1.0,0.0,1.0,0.671883285,0.0,1.0,0.690281034,1.0,1.0,1.0
893,1.0,0.0,1.0,0.730931163,0.0,1.0,0.682599187,1.0,1.0,1.0
894,1.0,0.0,1.0,0.847759366,0.0,1.0,0.823539615,1.0,1.0,1.0
895,1.0,0.0,1.0,0.570566654,0.0,1.0,0.853746295,1.0,1.0,1.0
896,1.0,0.0,1.0,0.587459981,0.0,1.0,0.76987946,1.0,1.0,1.0
897,1.0,0.2255,1.0,0.430522531,0.1996,1.0,0.830218911,1.0,1.0,1.0
898,1.0,0.4422,1.0,0.295325905,0.3925,1.0,0.801442981,1.0,1.0,1.0
899,1.0,0.5408,1.0,0.230751023,0.5052,1.0,0.36207211,1.0,1.0,1.0
900,1.0,0.6649,1.0,0.038637538,0.6271,1.0,0.752291322,1.0,1.0,1.0
901,1.0,0.6653,1.0,0.027972339,0.6283,1.0,0.853653669,1.0,1.0,1.0
902,1.0,0.6232,1.0,0.003821803,0.5558,1.0,0.64032954,1.0,1.0,1.0
903,1.0,0.4789,1.0,0.0,0.3366,1.0,0.731051683,1.0,1.0,1.0
904,1.0,0.2156,1.0,0.0,0.2418,1.0,0.707893193,1.0,1.0,1.0
905,1.0,0.0405,1.0,0.0,0.0936,1.0,0.763192058,1.0,1.0,1.0
906,1.0,0.0,1.0,0.0,0.0,1.0,0.681941926,1.0,1.0,1.0
907,1.0,0.0,1.0,0.000138296,0.0,1.0,0.591946006,1.0,1.0,1.0
908,1.0,0.0,1.0,2.39e-5,0.0,1.0,0.556228101,1.0,1.0,1.0
909,1.0,0.0,1.0,0.112759262,0.0,1.0,0.592993617,1.0,1.0,1.0
910,1.0,0.0,1.0,0.065083273,0.0,1.0,0.507217348,1.0,1.0,1.0
911,1.0,0.0,1.0,0.03785,0.0,1.0,0.47849381,1.0,1.0,1.0
912,1.0,0.0,1.0,0.050265197,0.0,1.0,0.434520662,1.0,1.0,1.0
913,1.0,0.0,1.0,0.024401449,0.0,1.0,0.44413203,1.0,1.0,1.0
914,1.0,0.0,1.0,0.080658779,0.0,1.0,0.53066659,1.0,1.0,1.0
915,1.0,0.0,1.0,0.09083049,0.0,1.0,0.641258776,1.0,1.0,1.0
916,1.0,0.0,1.0,0.102932185,0.0,1.0,0.652964115,1.0,1.0,1.0
917,1.0,0.0,1.0,0.053545624,0.0,1.0,0.629621744,1.0,1.0,1.0
918,1.0,0.0,1.0,0.036750425,0.0,1.0,0.674599767,1.0,1.0,1.0
919,1.0,0.0,1.0,0.068198405,0.0,1.0,0.630179763,1.0,1.0,1.0
920,1.0,0.0,1.0,0.046863131,0.0,1.0,0.509154797,1.0,1.0,1.0
921,1.0,0.0422,1.0,0.107855961,0.0391,1.0,0.496408969,1.0,1.0,1.0
922,1.0,0.2161,1.0,0.073769592,0.2392,1.0,0.369639933,1.0,1.0,1.0
923,1.0,0.3402,1.0,0.096204944,0.3993,1.0,0.273897141,1.0,1.0,1.0
924,1.0,0.3622,1.0,0.090888523,0.4447,1.0,0.223498344,1.0,1.0,1.0
925,1.0,0.3953,1.0,0.204916432,0.4565,1.0,0.231132418,1.0,1.0,1.0
926,1.0,0.3981,1.0,0.614287555,0.4883,1.0,0.278741419,1.0,1.0,1.0
927,1.0,0.3761,1.0,0.396234602,0.4657,1.0,0.353136688,1.0,1.0,1.0
928,1.0,0.2498,1.0,0.44301182,0.3093,1.0,0.690033734,1.0,1.0,1.0
929,1.0,0.0551,1.0,0.563068867,0.0873,1.0,0.871266007,1.0,1.0,1.0
930,1.0,0.0,1.0,0.578494728,0.0,1.0,0.821167469,1.0,1.0,1.0
931,1.0,0.0,1.0,0.554012716,0.0,1.0,0.816803336,1.0,1.0,1.0
932,1.0,0.0,1.0,0.288248062,0.0,1.0,0.80369103,1.0,1.0,1.0
933,1.0,0.0,1.0,0.377781332,0.0,1.0,0.859747529,1.0,1.0,1.0
934,1.0,0.0,1.0,0.522050619,0.0,1.0,0.876440525,1.0,1.0,1.0
935,1.0,0.0,1.0,0.467802584,0.0,1.0,0.891503215,1.0,1.0,1.0
936,1.0,0.0,1.0,0.643998861,0.0,1.0,0.844865441,1.0,1.0,1.0
937,1.0,0.0,1.0,0.491686612,0.0,1.0,0.855952859,1.0,1.0,1.0
938,1.0,0.0,1.0,0.568493903,0.0,1.0,0.852300942,1.0,1.0,1.0
939,1.0,0.0,1.0,0.501532674,0.0,1.0,0.876417518,1.0,1.0,1.0
940,1.0,0.0,1.0,0.558961034,0.0,1.0,0.839134216,1.0,1.0,1.0
941,1.0,0.0,1.0,0.585154474,0.0,1.0,0.80466181,1.0,1.0,1.0
942,1.0,0.0,1.0,0.75543189,0.0,1.0,0.771434188,1.0,1.0,1.0
943,1.0,0.0,1.0,0.795613706,0.0,1.0,0.733233035,1.0,1.0,1.0
944,1.0,0.0,1.0,0.470140994,0.0,1.0,0.733050108,1.0,1.0,1.0
945,1.0,0.2042,1.0,0.695743799,0.1539,1.0,0.684437871,1.0,1.0,1.0
946,1.0,0.4346,1.0,0.287195146,0.4034,1.0,0.58878541,1.0,1.0,1.0
947,1.0,0.5342,1.0,0.180981278,0.4186,1.0,0.09973146,1.0,1.0,1.0
948,1.0,0.4958,1.0,0.270533502,0.3768,1.0,0.230113298,1.0,1.0,1.0
949,1.0,0.4244,1.0,0.15253976,0.2969,1.0,0.141212463,1.0,1.0,1.0
950,1.0,0.2468,1.0,0.258310646,0.241,1.0,0.075190701,1.0,1.0,1.0
951,1.0,0.2304,1.0,0.239578649,0.1715,1.0,0.072806068,1.0,1.0,1.0
952,1.0,0.0783,1.0,0.367282093,0.0827,1.0,0.1137833,1.0,1.0,1.0
953,1.0,0.0,1.0,0.713304579,0.0,1.0,0.235361636,1.0,1.0,1.0
954,1.0,0.0,1.0,0.965839982,0.0,1.0,0.436572254,1.0,1.0,1.0
955,1.0,0.0,1.0,0.98267597,0.0,1.0,0.562924743,1.0,1.0,1.0
956,1.0,0.0,1.0,0.967140913,0.0,1.0,0.028453972,1.0,1.0,1.0
957,1.0,0.0,1.0,0.94022572,0.0,1.0,0.034208149,1.0,1.0,1.0
958,1.0,0.0,1.0,1.0,0.0,1.0,0.385140538,1.0,1.0,1.0
959,1.0,0.0,1.0,1.0,0.0,1.0,0.514250517,1.0,1.0,1.0
960,1.0,0.0,1.0,0.999328613,0.0,1.0,0.665034413,1.0,1.0,1.0
961,1.0,0.0,1.0,1.0,0.0,1.0,0.665743828,1.0,1.0,1.0
962,1.0,0.0,1.0,1.0,0.0,1.0,0.68838501,1.0,1.0,1.0
963,1.0,0.0,1.0,1.0,0.0,1.0,0.852207661,1.0,1.0,1.0
964,1.0,0.0,1.0,1.0,0.0,1.0,0.919995308,1.0,1.0,1.0
965,1.0,0.0,1.0,1.0,0.0,1.0,0.955195427,1.0,1.0,1.0
966,1.0,0.0,1.0,1.0,0.0,1.0,0.992139816,1.0,1.0,1.0
967,1.0,0.0,1.0,1.0,0.0,1.0,0.98524332,1.0,1.0,1.0
968,1.0,0.0,1.0,1.0,0.0,1.0,0.998492897,1.0,1.0,1.0
969,1.0,0.0002,1.0,1.0,0.0,1.0,0.99900502,1.0,1.0,1.0
970,1.0,0.0078,1.0,1.0,0.0695,1.0,1.0,1.0,1.0,1.0
971,1.0,0.1472,1.0,0.996403456,0.2418,1.0,0.996959686,1.0,1.0,1.0
972,1.0,0.2069,1.0,0.998555899,0.1787,1.0,0.995776892,1.0,1.0,1.0
973,1.0,0.1823,1.0,0.999556422,0.1451,1.0,0.995835662,1.0,1.0,1.0
974,1.0,0.1913,1.0,1.0,0.1183,1.0,0.995333791,1.0,1.0,1.0
975,1.0,0.1432,1.0,1.0,0.1075,1.0,0.997137904,1.0,1.0,1.0
976,1.0,0.0465,1.0,1.0,0.0789,1.0,0.986411989,1.0,1.0,1.0
977,1.0,0.0,1.0,1.0,0.0027,1.0,0.996843338,1.0,1.0,1.0
978,1.0,0.0,1.0,1.0,0.0,1.0,0.996181488,1.0,1.0,1.0
979,1.0,0.0,1.0,1.0,0.0,1.0,0.995234966,1.0,1.0,1.0
980,1.0,0.0,1.0,0.973407686,0.0,1.0,0.969222188,1.0,1.0,1.0
981,1.0,0.0,1.0,1.0,0.0,1.0,0.953812897,1.0,1.0,1.0
982,1.0,0.0,1.0,0.997388422,0.0,1.0,0.946872234,1.0,1.0,1.0
983,1.0,0.0,1.0,1.0,0.0,1.0,0.975602567,1.0,1.0,1.0
984,1.0,0.0,1.0,1.0,0.0,1.0,0.992794633,1.0,1.0,1.0
985,1.0,0.0,1.0,1.0,0.0,1.0,0.999309361,1.0,1.0,1.0
986,1.0,0.0,1.0,1.0,0.0,1.0,0.999822974,1.0,1.0,1.0
987,1.0,0.0,1.0,1.0,0.0,1.0,1.0,1.0,1.0,1.0
988,1.0,0.0,1.0,1.0,0.0,1.0,1.0,1.0,1.0,1.0
989,1.0,0.0,1.0,1.0,0.0,1.0,1.0,1.0,1.0,1.0
990,1.0,0.0,1.0,0.996692479,0.0,1.0,1.0,1.0,1.0,1.0
991,1.0,0.0,1.0,0.986106217,0.0,1.0,0.999444067,1.0,1.0,1.0
992,1.0,0.0,1.0,0.830490291,0.0,1.0,0.999242902,1.0,1.0,1.0
993,1.0,0.2081,1.0,0.984547555,0.1748,1.0,0.996062815,1.0,1.0,1.0
994,1.0,0.4198,1.0,0.995860219,0.3271,1.0,0.988558292,1.0,1.0,1.0
995,1.0,0.5566,1.0,0.998548567,0.4408,1.0,0.995445371,1.0,1.0,1.0
996,1.0,0.6148,1.0,1.0,0.5595,1.0,0.981532753,1.0,1.0,1.0
997,1.0,0.6451,1.0,1.0,0.6512,1.0,0.980942726,1.0,1.0,1.0
998,1.0,0.6373,1.0,0.987661898,0.64,1.0,0.972637057,1.0,1.0,1.0
999,1.0,0.5305,1.0,0.929287195,0.5406,1.0,0.969033718,1.0,1.0,1.0
1000,1.0,0.3574,1.0,0.636888027,0.3785,1.0,0.97735548,1.0,1.0,1.0
1001,1.0,0.1069,1.0,0.740845442,0.1241,1.0,0.982593417,1.0,1.0,1.0
1002,1.0,0.0,1.0,0.817976415,0.0,1.0,0.960534692,1.0,1.0,1.0
1003,1.0,0.0,1.0,0.960086107,0.0,1.0,0.946016669,1.0,1.0,1.0
1004,1.0,0.0,1.0,0.71339941,0.0,1.0,0.973111868,1.0,1.0,1.0
1005,1.0,0.0,1.0,0.355768859,0.0,1.0,0.94277513,1.0,1.0,1.0
1006,1.0,0.0,1.0,0.474314272,0.0,1.0,0.835744262,1.0,1.0,1.0
1007,1.0,0.0,1.0,0.432657957,0.0,1.0,0.884602547,1.0,1.0,1.0
1008,1.0,0.0,1.0,0.329274833,0.0,1.0,0.872873545,1.0,1.0,1.0
1009,1.0,0.0,1.0,0.970871687,0.0,1.0,0.891151488,1.0,1.0,1.0
1010,1.0,0.0,1.0,0.852099657,0.0,1.0,0.926174879,1.0,1.0,1.0
1011,1.0,0.0,1.0,0.486421973,0.0,1.0,0.810483694,1.0,1.0,1.0
1012,1.0,0.0,1.0,0.216737852,0.0,1.0,0.789916992,1.0,1.0,1.0
1013,1.0,0.0,1.0,0.278561652,0.0,1.0,0.78780818,1.0,1.0,1.0
1014,1.0,0.1109,1.0,0.374386013,0.1157,1.0,0.701025546,1.0,1.0,1.0
1015,1.0,0.098,1.0,0.399498343,0.1345,1.0,0.4679901,1.0,1.0,1.0
1016,1.0,0.2796,1.0,0.117713973,0.3099,1.0,0.343654692,1.0,1.0,1.0
1017,1.0,0.4674,1.0,3.11e-5,0.4874,1.0,0.36419645,1.0,1.0,1.0
1018,1.0,0.6082,1.0,0.0,0.6085,1.0,0.324830234,1.0,1.0,1.0
1019,1.0,0.7158,1.0,7.66e-6,0.6619,1.0,0.3349787,1.0,1.0,1.0
1020,1.0,0.6519,1.0,0.009165339,0.6534,1.0,0.309587628,1.0,1.0,1.0
1021,1.0,0.6012,1.0,0.007611417,0.6176,1.0,0.180060372,1.0,1.0,1.0
1022,1.0,0.5879,1.0,0.070935778,0.5969,1.0,0.321869045,1.0,1.0,1.0
1023,1.0,0.5462,1.0,0.079137497,0.5383,1.0,0.360919565,1.0,1.0,1.0
1024,1.0,0.4003,1.0,0.201639831,0.4116,1.0,0.269295901,1.0,1.0,1.0
1025,1.0,0.2505,1.0,0.313874096,0.2934,1.0,0.099193931,1.0,1.0,1.0
1026,1.0,0.1252,1.0,0.429846704,0.163,1.0,0.046953276,1.0,1.0,1.0
1027,1.0,0.0221,1.0,0.425751865,0.0341,1.0,0.080010638,1.0,1.0,1.0
1028,1.0,0.0,1.0,0.348758399,0.0,1.0,0.227525786,1.0,1.0,1.0
1029,1.0,0.0,1.0,0.350948006,0.0,1.0,0.213559881,1.0,1.0,1.0
1030,1.0,0.0,1.0,0.676447809,0.0,1.0,0.440896809,1.0,1.0,1.0
1031,1.0,0.0,1.0,0.274712473,0.0,1.0,0.61096108,1.0,1.0,1.0
1032,1.0,0.0,1.0,0.757452607,0.0,1.0,0.679790497,1.0,1.0,1.0
1033,1.0,0.0,1.0,0.838222146,0.0,1.0,0.78268832,1.0,1.0,1.0
1034,1.0,0.0,1.0,0.829621434,0.0,1.0,0.898536384,1.0,1.0,1.0
1035,1.0,0.0,1.0,0.82702601,0.0,1.0,0.94602567,1.0,1.0,1.0
1036,1.0,0.0,1.0,0.664892256,0.0,1.0,0.893938422,1.0,1.0,1.0
1037,1.0,0.0,1.0,0.460004807,0.0,1.0,0.955156624,1.0,1.0,1.0
1038,1.0,0.0,1.0,0.475810349,0.0,1.0,0.961841345,1.0,1.0,1.0
1039,1.0,0.0012,1.0,0.462907225,0.0007,1.0,0.96184504,1.0,1.0,1.0
1040,1.0,0.0441,1.0,0.583737373,0.0595,1.0,0.927912593,1.0,1.0,1.0
1041,1.0,0.1344,1.0,0.725647211,0.1074,1.0,0.868246019,1.0,1.0,1.0
1042,1.0,0.2087,1.0,0.66663456,0.1745,1.0,0.899054945,1.0,1.0,1.0
1043,1.0,0.3106,1.0,0.384227782,0.3643,1.0,0.900440574,1.0,1.0,1.0
1044,1.0,0.3357,1.0,0.258210659,0.3286,1.0,0.828011036,1.0,1.0,1.0
1045,1.0,0.3555,1.0,0.05232789,0.3839,1.0,0.564415514,1.0,1.0,1.0
1046,1.0,0.3706,1.0,0.001923672,0.4742,1.0,0.660479307,1.0,1.0,1.0
1047,1.0,0.393,1.0,0.050491221,0.5053,1.0,0.836376071,1.0,1.0,1.0
1048,1.0,0.3865,1.0,0.151873454,0.4473,1.0,0.706011891,1.0,1.0,1.0
1049,1.0,0.2835,1.0,0.087549679,0.333,1.0,0.527486861,1.0,1.0,1.0
1050,1.0,0.1398,1.0,0.073062316,0.1856,1.0,0.386239409,1.0,1.0,1.0
1051,1.0,0.0212,1.0,0.189706743,0.0629,1.0,0.304288805,1.0,1.0,1.0
1052,1.0,0.0,1.0,0.081566021,0.0,1.0,0.309113622,1.0,1.0,1.0
1053,1.0,0.0,1.0,0.17571032,0.0,1.0,0.407828689,1.0,1.0,1.0
1054,1.0,0.0,1.0,0.252800405,0.0,1.0,0.308729112,1.0,1.0,1.0
1055,1.0,0.0,1.0,0.167613626,0.0,1.0,0.23277396,1.0,1.0,1.0
1056,1.0,0.0,1.0,0.205849186,0.0,1.0,0.214846253,1.0,1.0,1.0
1057,1.0,0.0,1.0,0.195773393,0.0,1.0,0.16884011,1.0,1.0,1.0
1058,1.0,0.0,1.0,0.143682986,0.0,1.0,0.151056364,1.0,1.0,1.0
1059,1.0,0.0,1.0,0.169551909,0.0,1.0,0.232472792,1.0,1.0,1.0
1060,1.0,0.0,1.0,0.08691401,0.0,1.0,0.26615119,1.0,1.0,1.0
1061,1.0,0.0,1.0,0.093504399,0.0,1.0,0.256826192,1.0,1.0,1.0
1062,1.0,0.0,1.0,0.112257183,0.0,1.0,0.130996123,1.0,1.0,1.0
1063,1.0,0.0938,1.0,0.028968884,0.0765,1.0,0.08164937,1.0,1.0,1.0
1064,1.0,0.2344,1.0,0.085616671,0.2208,1.0,0.100530893,1.0,1.0,1.0
1065,1.0,0.3352,1.0,0.061119944,0.3293,1.0,0.092636496,1.0,1.0,1.0
1066,1.0,0.3986,1.0,0.071173981,0.4192,1.0,0.025371861,1.0,1.0,1.0
1067,1.0,0.3991,1.0,0.064284913,0.3901,1.0,0.020296879,1.0,1.0,1.0
1068,1.0,0.425,1.0,0.060024586,0.3448,1.0,0.019232119,1.0,1.0,1.0
1069,1.0,0.5339,1.0,0.057546325,0.4879,1.0,0.021271881,1.0,1.0,1.0
1070,1.0,0.5171,1.0,0.061525788,0.466,1.0,0.077533394,1.0,1.0,1.0
1071,1.0,0.5028,1.0,0.055358067,0.4587,1.0,0.177359134,1.0,1.0,1.0
1072,1.0,0.4266,1.0,0.118819073,0.4236,1.0,0.233758807,1.0,1.0,1.0
1073,1.0,0.3027,1.0,0.051605526,0.3152,1.0,0.311866999,1.0,1.0,1.0
1074,1.0,0.1497,1.0,0.105943255,0.1748,1.0,0.283235431,1.0,1.0,1.0
1075,1.0,0.0267,1.0,0.037954547,0.0387,1.0,0.288514227,1.0,1.0,1.0
1076,1.0,0.0,1.0,0.037108772,0.0,1.0,0.35463053,1.0,1.0,1.0
1077,1.0,0.0,1.0,0.022562111,0.0,1.0,0.444257498,1.0,1.0,1.0
1078,1.0,0.0,1.0,0.268651187,0.0,1.0,0.364393473,1.0,1.0,1.0
1079,1.0,0.0,1.0,0.113432653,0.0,1.0,0.443665802,1.0,1.0,1.0
1080,1.0,0.0,1.0,0.297180057,0.0,1.0,0.413610876,1.0,1.0,1.0
1081,1.0,0.0,1.0,0.40935269,0.0,1.0,0.370613366,1.0,1.0,1.0
1082,1.0,0.0,1.0,0.234519765,0.0,1.0,0.441856444,1.0,1.0,1.0
1083,1.0,0.0,1.0,0.212540716,0.0,1.0,0.345414847,1.0,1.0,1.0
1084,1.0,0.0,1.0,0.078753203,0.0,1.0,0.187525496,1.0,1.0,1.0
1085,1.0,0.0,1.0,0.089597307,0.0,1.0,0.128975868,1.0,1.0,1.0
1086,1.0,0.0,1.0,0.110862322,0.0,1.0,0.135376155,1.0,1.0,1.0
1087,1.0,0.0066,1.0,0.088026434,0.033,1.0,0.126856282,1.0,1.0,1.0
1088,1.0,0.1643,1.0,0.104029715,0.2171,1.0,0.266648412,1.0,1.0,1.0
1089,1.0,0.3256,1.0,0.056333922,0.349,1.0,0.218011528,1.0,1.0,1.0
1090,1.0,0.4547,1.0,0.026894914,0.4265,1.0,0.10527622,1.0,1.0,1.0
1091,1.0,0.5008,1.0,0.006566415,0.4642,1.0,0.090561599,1.0,1.0,1.0
1092,1.0,0.5252,1.0,0.001554266,0.508,1.0,0.148375183,1.0,1.0,1.0
1093,1.0,0.5246,1.0,0.013951137,0.5335,1.0,0.172796249,1.0,1.0,1.0
1094,1.0,0.5286,1.0,0.022881504,0.5286,1.0,0.120987505,1.0,1.0,1.0
1095,1.0,0.5154,1.0,0.04986918,0.5268,1.0,0.122592628,1.0,1.0,1.0
1096,1.0,0.4331,1.0,0.063690074,0.4584,1.0,0.089337438,1.0,1.0,1.0
1097,1.0,0.3071,1.0,0.030207729,0.3415,1.0,0.060998045,1.0,1.0,1.0
1098,1.0,0.1464,1.0,0.128393963,0.1899,1.0,0.100894213,1.0,1.0,1.0
1099,1.0,0.0363,1.0,0.100709587,0.0612,1.0,0.220247373,1.0,1.0,1.0
1100,1.0,0.0,1.0,0.014513038,0.0,1.0,0.407056898,1.0,1.0,1.0
1101,1.0,0.0,1.0,0.004787193,0.0,1.0,0.623156309,1.0,1.0,1.0
1102,1.0,0.0,1.0,0.109053329,0.0,1.0,0.374405146,1.0,1.0,1.0
1103,1.0,0.0,1.0,0.022365799,0.0,1.0,0.371025056,1.0,1.0,1.0
1104,1.0,0.0,1.0,0.072080813,0.0,1.0,0.282497108,1.0,1.0,1.0
1105,1.0,0.0,1.0,0.101804055,0.0,1.0,0.348217219,1.0,1.0,1.0
1106,1.0,0.0,1.0,0.168863237,0.0,1.0,0.377185017,1.0,1.0,1.0
1107,1.0,0.0,1.0,0.499806225,0.0,1.0,0.269711196,1.0,1.0,1.0
1108,1.0,0.0,1.0,0.225349441,0.0,1.0,0.272990465,1.0,1.0,1.0
1109,1.0,0.0,1.0,0.090544462,0.0,1.0,0.378215134,1.0,1.0,1.0
1110,1.0,0.0,1.0,0.548235118,0.0,1.0,0.336334825,1.0,1.0,1.0
1111,1.0,0.0615,1.0,0.258199215,0.0184,1.0,0.228975698,1.0,1.0,1.0
1112,1.0,0.1816,1.0,0.218325838,0.185,1.0,0.189672738,1.0,1.0,1.0
1113,1.0,0.3186,1.0,0.158655465,0.3329,1.0,0.198580265,1.0,1.0,1.0
1114,1.0,0.4432,1.0,0.105145462,0.4105,1.0,0.208684117,1.0,1.0,1.0
1115,1.0,0.4334,1.0,0.062885866,0.4216,1.0,0.221019894,1.0,1.0,1.0
1116,1.0,0.4417,1.0,0.03117504,0.4549,1.0,0.235988259,1.0,1.0,1.0
1117,1.0,0.4653,1.0,0.010942285,0.4653,1.0,0.253129065,1.0,1.0,1.0
1118,1.0,0.4785,1.0,0.004178679,0.5339,1.0,0.272803605,1.0,1.0,1.0
1119,1.0,0.4424,1.0,0.002008854,0.5021,1.0,0.294157416,1.0,1.0,1.0
1120,1.0,0.4038,1.0,0.007370232,0.467,1.0,0.270102501,1.0,1.0,1.0
1121,1.0,0.275,1.0,0.010254226,0.3331,1.0,0.259436578,1.0,1.0,1.0
1122,1.0,0.1259,1.0,0.003394007,0.1703,1.0,0.132537156,1.0,1.0,1.0
1123,1.0,0.0128,1.0,0.002661263,0.0439,1.0,0.126381904,1.0,1.0,1.0
1124,1.0,0.0,1.0,0.06878379,0.0,1.0,0.312402636,1.0,1.0,1.0
1125,1.0,0.0,1.0,0.054550659,0.0,1.0,0.356854379,1.0,1.0,1.0
1126,1.0,0.0,1.0,0.052050184,0.0,1.0,0.299905568,1.0,1.0,1.0
1127,1.0,0.0,1.0,0.062021859,0.0,1.0,0.217997044,1.0,1.0,1.0
1128,1.0,0.0,1.0,0.069348894,0.0,1.0,0.173166543,1.0,1.0,1.0
1129,1.0,0.0,1.0,0.111910738,0.0,1.0,0.14134872,1.0,1.0,1.0
1130,1.0,0.0,1.0,0.095943481,0.0,1.0,0.112965181,1.0,1.0,1.0
1131,1.0,0.0,1.0,0.113639891,0.0,1.0,0.182776108,1.0,1.0,1.0
1132,1.0,0.0,1.0,0.090515204,0.0,1.0,0.340885401,1.0,1.0,1.0
1133,1.0,0.0,1.0,0.005768371,0.0,1.0,0.561366796,1.0,1.0,1.0
1134,1.0,0.0,1.0,0.004326268,0.0,1.0,0.532831788,1.0,1.0,1.0
1135,1.0,0.0244,1.0,0.018189598,0.0064,1.0,0.349196464,1.0,1.0,1.0
1136,1.0,0.1612,1.0,0.015189807,0.201,1.0,0.328261524,1.0,1.0,1.0
1137,1.0,0.2826,1.0,0.013287334,0.3271,1.0,0.31219551,1.0,1.0,1.0
1138,1.0,0.4098,1.0,0.013706244,0.3918,1.0,0.30152756,1.0,1.0,1.0
1139,1.0,0.4915,1.0,0.020444827,0.4546,1.0,0.295787871,1.0,1.0,1.0
1140,1.0,0.5294,1.0,0.035538867,0.4968,1.0,0.294949979,1.0,1.0,1.0
1141,1.0,0.51,1.0,0.057279911,0.4935,1.0,0.299089581,1.0,1.0,1.0
1142,1.0,0.6343,1.0,0.0,0.6583,1.0,0.258339882,1.0,1.0,1.0
1143,1.0,0.4632,1.0,0.001327389,0.5201,1.0,0.248330519,1.0,1.0,1.0
1144,1.0,0.341,1.0,0.024780901,0.4155,1.0,0.184443623,1.0,1.0,1.0
1145,1.0,0.2327,1.0,0.035902314,0.2841,1.0,0.264046878,1.0,1.0,1.0
1146,1.0,0.1225,1.0,0.022578696,0.1595,1.0,0.243451402,1.0,1.0,1.0
1147,1.0,0.0432,1.0,0.014733805,0.0414,1.0,0.32474345,1.0,1.0,1.0
1148,1.0,0.0,1.0,0.007492077,0.0,1.0,0.300365448,1.0,1.0,1.0
1149,1.0,0.0,1.0,0.045484513,0.0,1.0,0.69153136,1.0,1.0,1.0
1150,1.0,0.0,1.0,0.142919555,0.0,1.0,0.821759284,1.0,1.0,1.0
1151,1.0,0.0,1.0,0.246317014,0.0,1.0,0.770377636,1.0,1.0,1.0
1152,1.0,0.0,1.0,0.138689518,0.0,1.0,0.649565697,1.0,1.0,1.0
1153,1.0,0.0,1.0,0.108802505,0.0,1.0,0.642557919,1.0,1.0,1.0
1154,1.0,0.0,1.0,0.048519075,0.0,1.0,0.554622412,1.0,1.0,1.0
1155,1.0,0.0,1.0,0.050109562,0.0,1.0,0.506420374,1.0,1.0,1.0
1156,1.0,0.0,1.0,0.039584052,0.0,1.0,0.451454103,1.0,1.0,1.0
1157,1.0,0.0,1.0,0.017524129,0.0,1.0,0.412500948,1.0,1.0,1.0
1158,1.0,0.0464,1.0,0.010153767,0.0091,1.0,0.352001578,1.0,1.0,1.0
1159,1.0,0.1035,1.0,0.012420705,0.1225,1.0,0.340065747,1.0,1.0,1.0
1160,1.0,0.2664,1.0,0.0,0.2873,1.0,0.073422953,1.0,1.0,1.0
1161,1.0,0.4112,1.0,2.86e-5,0.4241,1.0,0.032108564,1.0,1.0,1.0
1162,1.0,0.5047,1.0,0.00340222,0.5213,1.0,0.122271009,1.0,1.0,1.0
1163,1.0,0.5421,1.0,0.00238833,0.5502,1.0,0.106695965,1.0,1.0,1.0
1164,1.0,0.5389,1.0,0.002340877,0.527,1.0,0.1579763,1.0,1.0,1.0
1165,1.0,0.5425,1.0,0.016254757,0.558,1.0,0.167988762,1.0,1.0,1.0
1166,1.0,0.5567,1.0,0.044550132,0.5624,1.0,0.223243356,1.0,1.0,1.0
1167,1.0,0.561,1.0,0.128513008,0.5658,1.0,0.267719388,1.0,1.0,1.0
1168,1.0,0.4936,1.0,0.255823791,0.4944,1.0,0.286864132,1.0,1.0,1.0
1169,1.0,0.343,1.0,0.275023997,0.3734,1.0,0.227319032,1.0,1.0,1.0
1170,1.0,0.1536,1.0,0.299163222,0.2074,1.0,0.305128455,1.0,1.0,1.0
1171,1.0,0.0619,1.0,0.328098595,0.0927,1.0,0.268108368,1.0,1.0,1.0
1172,1.0,0.0,1.0,0.451898903,0.0,1.0,0.304975748,1.0,1.0,1.0
1173,1.0,0.0,1.0,0.418652683,0.0,1.0,0.428766012,1.0,1.0,1.0
1174,1.0,0.0,1.0,0.520568132,0.0,1.0,0.540199041,1.0,1.0,1.0
1175,1.0,0.0,1.0,0.537919641,0.0,1.0,0.594167233,1.0,1.0,1.0
1176,1.0,0.0,1.0,0.468952566,0.0,1.0,0.619165778,1.0,1.0,1.0
1177,1.0,0.0,1.0,0.532149136,0.0,1.0,0.12979421,1.0,1.0,1.0
1178,1.0,0.0,1.0,0.69571346,0.0,1.0,0.134520352,1.0,1.0,1.0
1179,1.0,0.0,1.0,0.645955563,0.0,1.0,0.126343921,1.0,1.0,1.0
1180,1.0,0.0,1.0,0.658834159,0.0,1.0,0.133170754,1.0,1.0,1.0
1181,1.0,0.0,1.0,0.38859278,0.0,1.0,0.127621025,1.0,1.0,1.0
1182,1.0,0.0729,1.0,0.416368484,0.0045,1.0,0.177199334,1.0,1.0,1.0
1183,1.0,0.1009,1.0,0.143241048,0.0667,1.0,0.256902725,1.0,1.0,1.0
1184,1.0,0.1676,1.0,0.010817611,0.0988,1.0,0.157415688,1.0,1.0,1.0
1185,1.0,0.2093,1.0,0.029109452,0.1514,1.0,0.090606518,1.0,1.0,1.0
1186,1.0,0.2328,1.0,0.021189345,0.2216,1.0,0.097034901,1.0,1.0,1.0
1187,1.0,0.2979,1.0,0.0332046,0.2792,1.0,0.096120477,1.0,1.0,1.0
1188,1.0,0.3235,1.0,0.029827075,0.3546,1.0,0.123008795,1.0,1.0,1.0
1189,1.0,0.348,1.0,0.039100565,0.5518,1.0,0.166669756,1.0,1.0,1.0
1190,1.0,0.4524,1.0,0.268610835,0.5912,1.0,0.321857631,1.0,1.0,1.0
1191,1.0,0.4243,1.0,0.178610861,0.5081,1.0,0.225506812,1.0,1.0,1.0
1192,1.0,0.3714,1.0,0.17755425,0.3934,1.0,0.24316515,1.0,1.0,1.0
1193,1.0,0.2726,1.0,0.161512882,0.2812,1.0,0.26639834,1.0,1.0,1.0
1194,1.0,0.1542,1.0,0.100277871,0.1914,1.0,0.306458175,1.0,1.0,1.0
1195,1.0,0.0637,1.0,0.082407333,0.0871,1.0,0.39224261,1.0,1.0,1.0
1196,1.0,0.0004,1.0,0.257081002,0.0176,1.0,0.428381562,1.0,1.0,1.0
1197,1.0,0.0,1.0,0.543916464,0.0,1.0,0.480648905,1.0,1.0,1.0
1198,1.0,0.0,1.0,0.599047542,0.0,1.0,0.357862949,1.0,1.0,1.0
1199,1.0,0.0,1.0,0.61217916,0.0,1.0,0.367994487,1.0,1.0,1.0
1200,1.0,0.0,1.0,0.950617909,0.0,1.0,0.288708985,1.0,1.0,1.0
1201,1.0,0.0,1.0,0.896876037,0.0,1.0,0.306783319,1.0,1.0,1.0
1202,1.0,0.0,1.0,0.901314676,0.0,1.0,0.208088309,1.0,1.0,1.0
1203,1.0,0.0,1.0,0.905268729,0.0,1.0,0.206422061,1.0,1.0,1.0
1204,1.0,0.0,1.0,0.797776461,0.0,1.0,0.22566399,1.0,1.0,1.0
1205,1.0,0.0,1.0,0.781698048,0.0,1.0,0.207199633,1.0,1.0,1.0
1206,1.0,0.1207,1.0,0.807386637,0.145,1.0,0.188211322,1.0,1.0,1.0
1207,1.0,0.1022,1.0,0.689081967,0.1338,1.0,0.235068351,1.0,1.0,1.0
1208,1.0,0.2362,1.0,0.417755067,0.2663,1.0,0.007317907,1.0,1.0,1.0
1209,1.0,0.3808,1.0,0.616696656,0.4101,1.0,0.029855452,1.0,1.0,1.0
1210,1.0,0.4803,1.0,0.423230201,0.5025,1.0,0.082278922,1.0,1.0,1.0
1211,1.0,0.5357,1.0,0.739763916,0.5635,1.0,0.07017085,1.0,1.0,1.0
1212,1.0,0.5432,1.0,0.850536525,0.5587,1.0,0.164885312,1.0,1.0,1.0
1213,1.0,0.5438,1.0,0.987946272,0.5235,1.0,0.097375572,1.0,1.0,1.0
1214,1.0,0.5222,1.0,0.992906868,0.5203,1.0,0.157152563,1.0,1.0,1.0
1215,1.0,0.502,1.0,0.954949856,0.5073,1.0,0.218297303,1.0,1.0,1.0
1216,1.0,0.413,1.0,0.957483649,0.4417,1.0,0.284887314,1.0,1.0,1.0
1217,1.0,0.3067,1.0,0.995159686,0.3374,1.0,0.250350595,1.0,1.0,1.0
1218,1.0,0.1705,1.0,0.957313597,0.2166,1.0,0.292278349,1.0,1.0,1.0
1219,1.0,0.0746,1.0,0.839267194,0.1064,1.0,0.376685798,1.0,1.0,1.0
1220,1.0,0.0012,1.0,0.669839799,0.0064,1.0,0.378894359,1.0,1.0,1.0
1221,1.0,0.0,1.0,0.615554631,0.0,1.0,0.538183033,1.0,1.0,1.0
1222,1.0,0.0,1.0,0.531172693,0.0,1.0,0.471059918,1.0,1.0,1.0
1223,1.0,0.0,1.0,0.374284714,0.0,1.0,0.555653691,1.0,1.0,1.0
1224,1.0,0.0,1.0,0.899301589,0.0,1.0,0.535425305,1.0,1.0,1.0
1225,1.0,0.0,1.0,0.987569451,0.0,1.0,0.513603687,1.0,1.0,1.0
1226,1.0,0.0,1.0,0.831888318,0.0,1.0,0.615900338,1.0,1.0,1.0
1227,1.0,0.0,1.0,0.820104659,0.0,1.0,0.617354155,1.0,1.0,1.0
1228,1.0,0.0,1.0,0.661965132,0.0,1.0,0.621548772,1.0,1.0,1.0
1229,1.0,0.0,1.0,0.557559967,0.0,1.0,0.613199234,1.0,1.0,1.0
1230,1.0,0.0428,1.0,0.71585691,0.0797,1.0,0.674034238,1.0,1.0,1.0
1231,1.0,0.1073,1.0,0.532644331,0.1161,1.0,0.697947621,1.0,1.0,1.0
1232,1.0,0.2165,1.0,0.381418973,0.2643,1.0,0.671187818,1.0,1.0,1.0
1233,1.0,0.369,1.0,0.719067872,0.423,1.0,0.648022175,1.0,1.0,1.0
1234,1.0,0.4939,1.0,0.915469408,0.5249,1.0,0.603304744,1.0,1.0,1.0
1235,1.0,0.5937,1.0,0.991534948,0.6044,1.0,0.512082815,1.0,1.0,1.0
1236,1.0,0.595,1.0,0.994274199,0.645,1.0,0.522258401,1.0,1.0,1.0
1237,1.0,0.5971,1.0,0.984071434,0.6586,1.0,0.47689867,1.0,1.0,1.0
1238,1.0,0.5788,1.0,0.930274308,0.6612,1.0,0.43426013,1.0,1.0,1.0
1239,1.0,0.5256,1.0,0.940155029,0.5838,1.0,0.398068488,1.0,1.0,1.0
1240,1.0,0.4145,1.0,0.849161148,0.4878,1.0,0.485058069,1.0,1.0,1.0
1241,1.0,0.2927,1.0,0.938407242,0.3664,1.0,0.549637675,1.0,1.0,1.0
1242,1.0,0.1595,1.0,0.88310343,0.2178,1.0,0.603584647,1.0,1.0,1.0
1243,1.0,0.064,1.0,0.43992117,0.1144,1.0,0.648020506,1.0,1.0,1.0
1244,1.0,0.0001,1.0,0.482916027,0.0513,1.0,0.692086339,1.0,1.0,1.0
1245,1.0,0.0,1.0,0.635671675,0.0,1.0,0.699872613,1.0,1.0,1.0
1246,1.0,0.0,1.0,0.544813573,0.0,1.0,0.714989185,1.0,1.0,1.0
1247,1.0,0.0,1.0,0.408325285,0.0,1.0,0.712729931,1.0,1.0,1.0
1248,1.0,0.0,1.0,0.781023324,0.0,1.0,0.68884778,1.0,1.0,1.0
1249,1.0,0.0,1.0,0.815511405,0.0,1.0,0.677193761,1.0,1.0,1.0
1250,1.0,0.0,1.0,0.918238223,0.0,1.0,0.642627239,1.0,1.0,1.0
1251,1.0,0.0,1.0,0.966636121,0.0,1.0,0.61526072,1.0,1.0,1.0
1252,1.0,0.0,1.0,0.959990978,0.0,1.0,0.540993154,1.0,1.0,1.0
1253,1.0,0.0,1.0,0.725447237,0.0,1.0,0.360586166,1.0,1.0,1.0
1254,1.0,0.1196,1.0,0.245298237,0.1791,1.0,0.382705986,1.0,1.0,1.0
1255,1.0,0.0917,1.0,0.279651493,0.1294,1.0,0.324572116,1.0,1.0,1.0
1256,1.0,0.2305,1.0,0.388571203,0.2651,1.0,0.313019633,1.0,1.0,1.0
1257,1.0,0.392,1.0,0.398834586,0.4225,1.0,0.382539153,1.0,1.0,1.0
1258,1.0,0.5141,1.0,0.250578254,0.5401,1.0,0.442692637,1.0,1.0,1.0
1259,1.0,0.6074,1.0,0.184600756,0.6252,1.0,0.367659181,1.0,1.0,1.0
1260,1.0,0.6526,1.0,0.186699167,0.668,1.0,0.264581144,1.0,1.0,1.0
1261,1.0,0.6509,1.0,0.201297894,0.6618,1.0,0.162649632,1.0,1.0,1.0
1262,1.0,0.643,1.0,0.112629965,0.656,1.0,0.170286462,1.0,1.0,1.0
1263,1.0,0.5701,1.0,0.120832451,0.5945,1.0,0.229917571,1.0,1.0,1.0
1264,1.0,0.4684,1.0,0.072467804,0.4964,1.0,0.27787903,1.0,1.0,1.0
1265,1.0,0.3352,1.0,0.054361761,0.3775,1.0,0.186267853,1.0,1.0,1.0
1266,1.0,0.1631,1.0,0.092879415,0.2189,1.0,0.197896942,1.0,1.0,1.0
1267,1.0,0.0781,1.0,0.072004206,0.1124,1.0,0.204321951,1.0,1.0,1.0
1268,1.0,0.0021,1.0,0.066791676,0.0028,1.0,0.279196352,1.0,1.0,1.0
1269,1.0,0.0,1.0,0.190585867,0.0,1.0,0.395247966,1.0,1.0,1.0
1270,1.0,0.0,1.0,0.457088739,0.0,1.0,0.468433648,1.0,1.0,1.0
1271,1.0,0.0,1.0,0.45988068,0.0,1.0,0.541697562,1.0,1.0,1.0
1272,1.0,0.0,1.0,0.472866714,0.0,1.0,0.568696082,1.0,1.0,1.0
1273,1.0,0.0,1.0,0.466151059,0.0,1.0,0.517454863,1.0,1.0,1.0
1274,1.0,0.0,1.0,0.474777311,0.0,1.0,0.447129369,1.0,1.0,1.0
1275,1.0,0.0,1.0,0.806126058,0.0,1.0,0.47182405,1.0,1.0,1.0
1276,1.0,0.0,1.0,0.779218495,0.0,1.0,0.564639449,1.0,1.0,1.0
1277,1.0,0.0,1.0,0.442314804,0.0,1.0,0.589268923,1.0,1.0,1.0
1278,1.0,0.0147,1.0,0.624453485,0.0002,1.0,0.552271426,1.0,1.0,1.0
1279,1.0,0.0785,1.0,0.696367621,0.049,1.0,0.448346138,1.0,1.0,1.0
1280,1.0,0.1559,1.0,0.65118432,0.159,1.0,0.571629047,1.0,1.0,1.0
1281,1.0,0.2278,1.0,0.172671884,0.3285,1.0,0.476262391,1.0,1.0,1.0
1282,1.0,0.3812,1.0,0.051805969,0.4663,1.0,0.364937067,1.0,1.0,1.0
1283,1.0,0.5423,1.0,0.036903031,0.5564,1.0,0.050913945,1.0,1.0,1.0
1284,1.0,0.5978,1.0,0.026239254,0.622,1.0,0.459812164,1.0,1.0,1.0
1285,1.0,0.6228,1.0,0.01181122,0.6377,1.0,0.493829727,1.0,1.0,1.0
1286,1.0,0.6322,1.0,0.190033689,0.6379,1.0,0.625113428,1.0,1.0,1.0
1287,1.0,0.569,1.0,0.529028535,0.5803,1.0,0.719941199,1.0,1.0,1.0
1288,1.0,0.4645,1.0,0.826584518,0.4878,1.0,0.830204546,1.0,1.0,1.0
1289,1.0,0.3287,1.0,0.861350298,0.3666,1.0,0.750364959,1.0,1.0,1.0
1290,1.0,0.1604,1.0,0.827531636,0.2138,1.0,0.714815617,1.0,1.0,1.0
1291,1.0,0.0747,1.0,0.568184793,0.1071,1.0,0.676634371,1.0,1.0,1.0
1292,1.0,0.0929,1.0,0.277791977,0.1388,1.0,0.705001056,1.0,1.0,1.0
1293,1.0,0.0,1.0,0.586958945,0.0,1.0,0.646551192,1.0,1.0,1.0
1294,1.0,0.0,1.0,0.798252046,0.0,1.0,0.571797848,1.0,1.0,1.0
1295,1.0,0.0,1.0,0.876728177,0.0,1.0,0.565706253,1.0,1.0,1.0
1296,1.0,0.0,1.0,0.558286965,0.0,1.0,0.663451672,1.0,1.0,1.0
1297,1.0,0.0,1.0,0.458582252,0.0,1.0,0.711805582,1.0,1.0,1.0
1298,1.0,0.0,1.0,0.475991964,0.0,1.0,0.717718244,1.0,1.0,1.0
1299,1.0,0.0,1.0,0.68334502,0.0,1.0,0.647512496,1.0,1.0,1.0
1300,1.0,0.0,1.0,0.839030862,0.0,1.0,0.639725983,1.0,1.0,1.0
1301,1.0,0.0,1.0,0.835533857,0.0,1.0,0.619809151,1.0,1.0,1.0
1302,1.0,0.1443,1.0,0.920808613,0.1423,1.0,0.502784193,1.0,1.0,1.0
1303,1.0,0.0982,1.0,0.772970855,0.1288,1.0,0.385512352,1.0,1.0,1.0
1304,1.0,0.2283,1.0,0.327633321,0.2595,1.0,0.257294774,1.0,1.0,1.0
1305,1.0,0.3865,1.0,0.179378852,0.4111,1.0,0.170225352,1.0,1.0,1.0
1306,1.0,0.5162,1.0,0.521349788,0.525,1.0,0.190555483,1.0,1.0,1.0
1307,1.0,0.6098,1.0,0.634025276,0.6027,1.0,0.235677406,1.0,1.0,1.0
1308,1.0,0.6572,1.0,0.727685094,0.6716,1.0,0.234316453,1.0,1.0,1.0
1309,1.0,0.6208,1.0,0.655138195,0.6504,1.0,0.444353729,1.0,1.0,1.0
1310,1.0,0.59,1.0,0.694265127,0.6406,1.0,0.635225534,1.0,1.0,1.0
1311,1.0,0.5564,1.0,0.392424762,0.5846,1.0,0.742416561,1.0,1.0,1.0
1312,1.0,0.4649,1.0,0.338385493,0.4911,1.0,0.704310596,1.0,1.0,1.0
1313,1.0,0.328,1.0,0.652789056,0.3458,1.0,0.551085949,1.0,1.0,1.0
1314,1.0,0.1655,1.0,0.57474345,0.2061,1.0,0.507823825,1.0,1.0,1.0
1315,1.0,0.0849,1.0,0.370055348,0.095,1.0,0.498482466,1.0,1.0,1.0
1316,1.0,0.0224,1.0,0.291444421,0.0588,1.0,0.605923295,1.0,1.0,1.0
1317,1.0,0.0,1.0,0.414478302,0.0,1.0,0.731694579,1.0,1.0,1.0
1318,1.0,0.0,1.0,0.827148199,0.0,1.0,0.665429473,1.0,1.0,1.0
1319,1.0,0.0,1.0,0.916300356,0.0,1.0,0.363048106,1.0,1.0,1.0
1320,1.0,0.0,1.0,0.881966531,0.0,1.0,0.269551873,1.0,1.0,1.0
1321,1.0,0.0,1.0,0.923477471,0.0,1.0,0.298874348,1.0,1.0,1.0
1322,1.0,0.0,1.0,0.94402045,0.0,1.0,0.40108496,1.0,1.0,1.0
1323,1.0,0.0,1.0,0.983298659,0.0,1.0,0.40505147,1.0,1.0,1.0
1324,1.0,0.0,1.0,0.978707671,0.0,1.0,0.491876811,1.0,1.0,1.0
1325,1.0,0.0,1.0,0.877108097,0.0,1.0,0.542218804,1.0,1.0,1.0
1326,1.0,0.1508,1.0,0.683879137,0.1576,1.0,0.470582634,1.0,1.0,1.0
1327,1.0,0.0868,1.0,0.204530478,0.1266,1.0,0.17655316,1.0,1.0,1.0
1328,1.0,0.2252,1.0,0.013544839,0.2581,1.0,0.053572584,1.0,1.0,1.0
1329,1.0,0.3843,1.0,0.00128691,0.4007,1.0,0.041943666,1.0,1.0,1.0
1330,1.0,0.4963,1.0,0.112565652,0.491,1.0,0.098297656,1.0,1.0,1.0
1331,1.0,0.5815,1.0,0.100983456,0.5893,1.0,0.074232459,1.0,1.0,1.0
1332,1.0,0.6222,1.0,0.084440075,0.6051,1.0,0.113935329,1.0,1.0,1.0
1333,1.0,0.6205,1.0,0.154688537,0.6034,1.0,0.090035737,1.0,1.0,1.0
1334,1.0,0.592,1.0,0.221458226,0.5631,1.0,0.13283354,1.0,1.0,1.0
1335,1.0,0.4165,1.0,0.204176635,0.3841,1.0,0.198076934,1.0,1.0,1.0
1336,1.0,0.2767,1.0,0.097894594,0.3151,1.0,0.199090481,1.0,1.0,1.0
1337,1.0,0.2584,1.0,0.139793471,0.3217,1.0,0.265329212,1.0,1.0,1.0
1338,1.0,0.1568,1.0,0.52677238,0.1621,1.0,0.392867118,1.0,1.0,1.0
1339,1.0,0.0537,1.0,0.307773411,0.0782,1.0,0.407925129,1.0,1.0,1.0
1340,1.0,0.0702,1.0,0.279155374,0.1001,1.0,0.320203125,1.0,1.0,1.0
1341,1.0,0.0,1.0,0.365559608,0.0,1.0,0.456091613,1.0,1.0,1.0
1342,1.0,0.0,1.0,0.502807021,0.0,1.0,0.464858532,1.0,1.0,1.0
1343,1.0,0.0,1.0,0.626967907,0.0,1.0,0.427509129,1.0,1.0,1.0
1344,1.0,0.0,1.0,0.705600381,0.0,1.0,0.304222256,1.0,1.0,1.0
1345,1.0,0.0,1.0,0.175785571,0.0,1.0,0.740766168,1.0,1.0,1.0
1346,1.0,0.0,1.0,0.28042528,0.0,1.0,0.819146395,1.0,1.0,1.0
1347,1.0,0.0,1.0,0.506163597,0.0,1.0,0.759923279,1.0,1.0,1.0
1348,1.0,0.0,1.0,0.338583797,0.0,1.0,0.729455233,1.0,1.0,1.0
1349,1.0,0.0,1.0,0.17987977,0.0,1.0,0.694970608,1.0,1.0,1.0
1350,1.0,0.0,1.0,0.183875114,0.0,1.0,0.578091085,1.0,1.0,1.0
1351,1.0,0.0523,1.0,0.395009845,0.0392,1.0,0.431145847,1.0,1.0,1.0
1352,1.0,0.2088,1.0,0.237925276,0.181,1.0,0.266581774,1.0,1.0,1.0
1353,1.0,0.3625,1.0,0.001354575,0.3529,1.0,0.121936224,1.0,1.0,1.0
1354,1.0,0.4988,1.0,4.17e-5,0.4677,1.0,0.072160058,1.0,1.0,1.0
1355,1.0,0.5881,1.0,0.043533519,0.5761,1.0,0.159058779,1.0,1.0,1.0
1356,1.0,0.6101,1.0,0.085498214,0.5951,1.0,0.239030421,1.0,1.0,1.0
1357,1.0,0.6167,1.0,0.109373331,0.5258,1.0,0.378216296,1.0,1.0,1.0
1358,1.0,0.5839,1.0,0.22784625,0.517,1.0,0.511478066,1.0,1.0,1.0
1359,1.0,0.5277,1.0,0.480641127,0.3975,1.0,0.572786152,1.0,1.0,1.0
1360,1.0,0.3689,1.0,0.560811102,0.2931,1.0,0.615735888,1.0,1.0,1.0
1361,1.0,0.2267,1.0,0.869691074,0.2451,1.0,0.648773432,1.0,1.0,1.0
1362,1.0,0.0926,1.0,0.562332034,0.1156,1.0,0.689473033,1.0,1.0,1.0
1363,1.0,0.0,1.0,0.5067029,0.0,1.0,0.689277589,1.0,1.0,1.0
1364,1.0,0.0,1.0,0.335244894,0.0,1.0,0.767360926,1.0,1.0,1.0
1365,1.0,0.0,1.0,0.333113462,0.0,1.0,0.633426189,1.0,1.0,1.0
1366,1.0,0.0,1.0,0.333972633,0.0,1.0,0.424435258,1.0,1.0,1.0
1367,1.0,0.0,1.0,0.260762542,0.0,1.0,0.503557265,1.0,1.0,1.0
1368,1.0,0.0,1.0,0.348555326,0.0,1.0,0.338317126,1.0,1.0,1.0
1369,1.0,0.0,1.0,0.34058401,0.0,1.0,0.316218227,1.0,1.0,1.0
1370,1.0,0.0,1.0,0.432111919,0.0,1.0,0.303261936,1.0,1.0,1.0
1371,1.0,0.0,1.0,0.425939947,0.0,1.0,0.292224705,1.0,1.0,1.0
1372,1.0,0.0,1.0,0.697042465,0.0,1.0,0.279836506,1.0,1.0,1.0
1373,1.0,0.0,1.0,0.583757341,0.0,1.0,0.236984104,1.0,1.0,1.0
1374,1.0,0.0,1.0,0.4669649,0.0,1.0,0.250899106,1.0,1.0,1.0
1375,1.0,0.0002,1.0,0.209216878,0.0,1.0,0.293860167,1.0,1.0,1.0
1376,1.0,0.0537,1.0,0.143613428,0.0396,1.0,0.292476714,1.0,1.0,1.0
1377,1.0,0.1556,1.0,0.4449175,0.2281,1.0,0.179789245,1.0,1.0,1.0
1378,1.0,0.4078,1.0,0.300303519,0.4949,1.0,0.052294225,1.0,1.0,1.0
1379,1.0,0.5457,1.0,0.482081175,0.5769,1.0,0.125702158,1.0,1.0,1.0
1380,1.0,0.5796,1.0,0.828009009,0.5966,1.0,0.189636827,1.0,1.0,1.0
1381,1.0,0.5648,1.0,0.650779366,0.6038,1.0,0.600758851,1.0,1.0,1.0
1382,1.0,0.5826,1.0,0.692793131,0.6289,1.0,0.690053225,1.0,1.0,1.0
1383,1.0,0.5647,1.0,0.651472628,0.6056,1.0,0.753346562,1.0,1.0,1.0
1384,1.0,0.4589,1.0,0.70852077,0.4927,1.0,0.803482294,1.0,1.0,1.0
1385,1.0,0.296,1.0,0.861373186,0.3474,1.0,0.89627862,1.0,1.0,1.0
1386,1.0,0.1132,1.0,0.864017487,0.1674,1.0,0.905267775,1.0,1.0,1.0
1387,1.0,0.0017,1.0,0.435896099,0.0164,1.0,0.886968374,1.0,1.0,1.0
1388,1.0,0.0,1.0,0.366824895,0.0,1.0,0.763001502,1.0,1.0,1.0
1389,1.0,0.0,1.0,0.72410506,0.0,1.0,0.794554591,1.0,1.0,1.0
1390,1.0,0.0,1.0,0.667352557,0.0,1.0,0.668055117,1.0,1.0,1.0
1391,1.0,0.0,1.0,0.503524721,0.0,1.0,0.651847184,1.0,1.0,1.0
1392,1.0,0.0,1.0,0.567447066,0.0,1.0,0.687669039,1.0,1.0,1.0
1393,1.0,0.0,1.0,0.632907987,0.0,1.0,0.643583596,1.0,1.0,1.0
1394,1.0,0.0,1.0,0.618489861,0.0,1.0,0.64294529,1.0,1.0,1.0
1395,1.0,0.0,1.0,0.77455771,0.0,1.0,0.734460354,1.0,1.0,1.0
1396,1.0,0.0,1.0,0.601218462,0.0,1.0,0.825679064,1.0,1.0,1.0
1397,1.0,0.0,1.0,0.700854957,0.0,1.0,0.855944216,1.0,1.0,1.0
1398,1.0,0.0,1.0,0.536711097,0.0,1.0,0.928788185,1.0,1.0,1.0
1399,1.0,0.0562,1.0,0.48843506,0.0783,1.0,0.959226966,1.0,1.0,1.0
1400,1.0,0.2369,1.0,0.188064098,0.2568,1.0,0.625366867,1.0,1.0,1.0
1401,1.0,0.4272,1.0,0.115320474,0.4425,1.0,0.731570661,1.0,1.0,1.0
1402,1.0,0.5764,1.0,0.228038818,0.5816,1.0,0.673824668,1.0,1.0,1.0
1403,1.0,0.6919,1.0,0.359671474,0.6913,1.0,0.713230491,1.0,1.0,1.0
1404,1.0,0.7017,1.0,0.485626817,0.7087,1.0,0.618375838,1.0,1.0,1.0
1405,1.0,0.7014,1.0,0.54467988,0.7102,1.0,0.668179214,1.0,1.0,1.0
1406,1.0,0.6955,1.0,0.30205214,0.7041,1.0,0.70051825,1.0,1.0,1.0
1407,1.0,0.5924,1.0,0.090644389,0.6099,1.0,0.757322907,1.0,1.0,1.0
1408,1.0,0.5104,1.0,0.232230619,0.5445,1.0,0.666357934,1.0,1.0,1.0
1409,1.0,0.3425,1.0,0.35770312,0.3924,1.0,0.761017621,1.0,1.0,1.0
1410,1.0,0.1381,1.0,0.404536515,0.1937,1.0,0.810282707,1.0,1.0,1.0
1411,1.0,0.0155,1.0,0.624956787,0.0447,1.0,0.750959158,1.0,1.0,1.0
1412,1.0,0.0,1.0,0.457841933,0.0,1.0,0.813596666,1.0,1.0,1.0
1413,1.0,0.0,1.0,0.375406563,0.0,1.0,0.89476645,1.0,1.0,1.0
1414,1.0,0.0,1.0,0.221689671,0.0,1.0,0.92595458,1.0,1.0,1.0
1415,1.0,0.0,1.0,0.293563962,0.0,1.0,0.921661377,1.0,1.0,1.0
1416,1.0,0.0,1.0,0.512302518,0.0,1.0,0.911436558,1.0,1.0,1.0
1417,1.0,0.0,1.0,0.933237433,0.0,1.0,0.944471836,1.0,1.0,1.0
1418,1.0,0.0,1.0,0.684927404,0.0,1.0,0.926567078,1.0,1.0,1.0
1419,1.0,0.0,1.0,0.582751632,0.0,1.0,0.86558497,1.0,1.0,1.0
1420,1.0,0.0,1.0,0.274169743,0.0,1.0,0.896153152,1.0,1.0,1.0
1421,1.0,0.0,1.0,0.175276667,0.0,1.0,0.971391916,1.0,1.0,1.0
1422,1.0,0.0,1.0,0.128203839,0.0,1.0,0.928413689,1.0,1.0,1.0
1423,1.0,0.0554,1.0,0.123418339,0.0802,1.0,0.865143538,1.0,1.0,1.0
1424,1.0,0.2364,1.0,0.171035111,0.262,1.0,0.590885282,1.0,1.0,1.0
1425,1.0,0.4235,1.0,0.029289918,0.4454,1.0,0.497823089,1.0,1.0,1.0
1426,1.0,0.5672,1.0,0.017072314,0.5778,1.0,0.479083598,1.0,1.0,1.0
1427,1.0,0.6759,1.0,0.141745731,0.6775,1.0,0.632961035,1.0,1.0,1.0
1428,1.0,0.6838,1.0,0.161706775,0.6873,1.0,0.654500365,1.0,1.0,1.0
1429,1.0,0.687,1.0,0.234400928,0.6901,1.0,0.753697872,1.0,1.0,1.0
1430,1.0,0.6784,1.0,0.247990265,0.6828,1.0,0.80929625,1.0,1.0,1.0
1431,1.0,0.6267,1.0,0.165875137,0.6398,1.0,0.831115961,1.0,1.0,1.0
1432,1.0,0.4981,1.0,0.500784636,0.5272,1.0,0.844709933,1.0,1.0,1.0
1433,1.0,0.3325,1.0,0.760310829,0.3737,1.0,0.759483695,1.0,1.0,1.0
1434,1.0,0.1329,1.0,0.626154006,0.18,1.0,0.628072321,1.0,1.0,1.0
1435,1.0,0.0123,1.0,0.484528333,0.0342,1.0,0.79099983,1.0,1.0,1.0
1436,1.0,0.0,1.0,0.639931262,0.0,1.0,0.940096617,1.0,1.0,1.0
1437,1.0,0.0,1.0,0.932876825,0.0,1.0,0.979508102,1.0,1.0,1.0
1438,1.0,0.0,1.0,0.675099194,0.0,1.0,0.97150445,1.0,1.0,1.0
1439,1.0,0.0,1.0,0.663836956,0.0,1.0,0.827722251,1.0,1.0,1.0
1440,1.0,0.0,1.0,0.959813774,0.0,1.0,0.929385424,1.0,1.0,1.0
1441,1.0,0.0,1.0,0.99703306,0.0,1.0,0.970491529,1.0,1.0,1.0
1442,1.0,0.0,1.0,0.966522396,0.0,1.0,0.991768241,1.0,1.0,1.0
1443,1.0,0.0,1.0,0.921067357,0.0,1.0,0.977789164,1.0,1.0,1.0
1444,1.0,0.0,1.0,0.873931766,0.0,1.0,0.974084377,1.0,1.0,1.0
1445,1.0,0.0,1.0,0.623260021,0.0,1.0,0.983929634,1.0,1.0,1.0
1446,1.0,0.0,1.0,0.572450161,0.0,1.0,0.974233031,1.0,1.0,1.0
1447,1.0,0.0582,1.0,0.46401003,0.0846,1.0,0.981688976,1.0,1.0,1.0
1448,1.0,0.2334,1.0,0.825297475,0.2622,1.0,0.808129311,1.0,1.0,1.0
1449,1.0,0.4143,1.0,0.289170891,0.4435,1.0,0.621293783,1.0,1.0,1.0
1450,1.0,0.5574,1.0,0.326715142,0.5748,1.0,0.587405086,1.0,1.0,1.0
1451,1.0,0.6628,1.0,0.201475978,0.6703,1.0,0.496481419,1.0,1.0,1.0
1452,1.0,0.6741,1.0,0.207430616,0.6868,1.0,0.51998812,1.0,1.0,1.0
1453,1.0,0.6745,1.0,0.320702344,0.686,1.0,0.35537374,1.0,1.0,1.0
1454,1.0,0.6601,1.0,0.445385635,0.6794,1.0,0.355972797,1.0,1.0,1.0
1455,1.0,0.5938,1.0,0.758502543,0.6319,1.0,0.646268606,1.0,1.0,1.0
1456,1.0,0.46,1.0,0.840147913,0.5119,1.0,0.569285572,1.0,1.0,1.0
1457,1.0,0.3106,1.0,0.786503673,0.3577,1.0,0.707985222,1.0,1.0,1.0
1458,1.0,0.12,1.0,0.683891118,0.1667,1.0,0.628803551,1.0,1.0,1.0
1459,1.0,0.0001,1.0,0.918649137,0.014,1.0,0.797009945,1.0,1.0,1.0
1460,1.0,0.0,1.0,0.857101977,0.0,1.0,0.728961587,1.0,1.0,1.0
1461,1.0,0.0,1.0,0.955500841,0.0,1.0,0.737565577,1.0,1.0,1.0
1462,1.0,0.0,1.0,0.979103029,0.0,1.0,0.741759658,1.0,1.0,1.0
1463,1.0,0.0,1.0,0.965989053,0.0,1.0,0.848323941,1.0,1.0,1.0
1464,1.0,0.0,1.0,0.513544381,0.0,1.0,0.880687952,1.0,1.0,1.0
1465,1.0,0.0,1.0,0.438678503,0.0,1.0,0.82193315,1.0,1.0,1.0
1466,1.0,0.0,1.0,0.555987298,0.0,1.0,0.674149513,1.0,1.0,1.0
1467,1.0,0.0,1.0,0.599716961,0.0,1.0,0.611565113,1.0,1.0,1.0
1468,1.0,0.0,1.0,0.496755183,0.0,1.0,0.543618321,1.0,1.0,1.0
1469,1.0,0.0,1.0,0.494160116,0.0,1.0,0.489195764,1.0,1.0,1.0
1470,1.0,0.0,1.0,0.491831541,0.0,1.0,0.603158474,1.0,1.0,1.0
1471,1.0,0.0368,1.0,0.313643456,0.0287,1.0,0.67269516,1.0,1.0,1.0
1472,1.0,0.2147,1.0,0.055716485,0.2032,1.0,0.41727069,1.0,1.0,1.0
1473,1.0,0.4,1.0,0.056571841,0.402,1.0,0.401512921,1.0,1.0,1.0
1474,1.0,0.5344,1.0,0.205337048,0.5406,1.0,0.25548026,1.0,1.0,1.0
1475,1.0,0.625,1.0,0.137638375,0.6314,1.0,0.244620964,1.0,1.0,1.0
1476,1.0,0.6304,1.0,0.059153557,0.6177,1.0,0.210849032,1.0,1.0,1.0
1477,1.0,0.6321,1.0,0.149791002,0.6082,1.0,0.217444509,1.0,1.0,1.0
1478,1.0,0.6091,1.0,0.16116187,0.5862,1.0,0.223902658,1.0,1.0,1.0
1479,1.0,0.5646,1.0,0.21632649,0.5427,1.0,0.222113192,1.0,1.0,1.0
1480,1.0,0.4399,1.0,0.201668993,0.4471,1.0,0.163269877,1.0,1.0,1.0
1481,1.0,0.3005,1.0,0.22221972,0.3203,1.0,0.154237866,1.0,1.0,1.0
1482,1.0,0.1145,1.0,0.191504538,0.1303,1.0,0.147773325,1.0,1.0,1.0
1483,1.0,0.0004,1.0,0.368045926,0.0045,1.0,0.165201366,1.0,1.0,1.0
1484,1.0,0.0,1.0,0.397282302,0.0,1.0,0.211502939,1.0,1.0,1.0
1485,1.0,0.0,1.0,0.329350084,0.0,1.0,0.239718944,1.0,1.0,1.0
1486,1.0,0.0,1.0,0.290890247,0.0,1.0,0.199929714,1.0,1.0,1.0
1487,1.0,0.0,1.0,0.282352954,0.0,1.0,0.212126493,1.0,1.0,1.0
1488,1.0,0.0,1.0,0.157079473,0.0,1.0,0.241756499,1.0,1.0,1.0
1489,1.0,0.0,1.0,0.104549177,0.0,1.0,0.260408193,1.0,1.0,1.0
1490,1.0,0.0,1.0,0.070353672,0.0,1.0,0.28231439,1.0,1.0,1.0
1491,1.0,0.0,1.0,0.056262698,0.0,1.0,0.288509399,1.0,1.0,1.0
1492,1.0,0.0,1.0,0.05364316,0.0,1.0,0.2869187,1.0,1.0,1.0
1493,1.0,0.0,1.0,0.030563148,0.0,1.0,0.277955353,1.0,1.0,1.0
1494,1.0,0.0,1.0,0.008411928,0.0,1.0,0.236439228,1.0,1.0,1.0
1495,1.0,0.0401,1.0,0.03314171,0.0516,1.0,0.184980303,1.0,1.0,1.0
1496,1.0,0.2134,1.0,0.036214445,0.2238,1.0,0.173373684,1.0,1.0,1.0
1497,1.0,0.3757,1.0,0.001044371,0.3998,1.0,0.125039801,1.0,1.0,1.0
1498,1.0,0.4983,1.0,4.52e-5,0.5102,1.0,0.103923678,1.0,1.0,1.0
1499,1.0,0.5697,1.0,0.000600808,0.5923,1.0,0.107092932,1.0,1.0,1.0
1500,1.0,0.5805,1.0,0.000754889,0.5984,1.0,0.134048834,1.0,1.0,1.0
1501,1.0,0.5825,1.0,0.017565683,0.5779,1.0,0.109150216,1.0,1.0,1.0
1502,1.0,0.547,1.0,0.019567797,0.5388,1.0,0.121601745,1.0,1.0,1.0
1503,1.0,0.5167,1.0,0.012981322,0.5431,1.0,0.118302092,1.0,1.0,1.0
1504,1.0,0.4228,1.0,0.009181002,0.4714,1.0,0.109258153,1.0,1.0,1.0
1505,1.0,0.2822,1.0,0.01562033,0.3306,1.0,0.096831828,1.0,1.0,1.0
1506,1.0,0.1138,1.0,0.063368656,0.1505,1.0,0.323644757,1.0,1.0,1.0
1507,1.0,0.0002,1.0,0.216846988,0.0032,1.0,0.404035926,1.0,1.0,1.0
1508,1.0,0.0,1.0,0.284192234,0.0,1.0,0.337435156,1.0,1.0,1.0
1509,1.0,0.0,1.0,0.666825891,0.0,1.0,0.324133784,1.0,1.0,1.0
1510,1.0,0.0,1.0,0.612188339,0.0,1.0,0.313272268,1.0,1.0,1.0
1511,1.0,0.0,1.0,0.436165959,0.0,1.0,0.275825292,1.0,1.0,1.0
1512,1.0,0.0,1.0,0.128186792,0.0,1.0,0.353715837,1.0,1.0,1.0
1513,1.0,0.0,1.0,0.778733015,0.0,1.0,0.516741395,1.0,1.0,1.0
1514,1.0,0.0,1.0,0.913042724,0.0,1.0,0.703350365,1.0,1.0,1.0
1515,1.0,0.0,1.0,0.807086647,0.0,1.0,0.76467824,1.0,1.0,1.0
1516,1.0,0.0,1.0,0.686692834,0.0,1.0,0.751399636,1.0,1.0,1.0
1517,1.0,0.0,1.0,0.686731339,0.0,1.0,0.746089935,1.0,1.0,1.0
1518,1.0,0.0,1.0,0.640052736,0.0,1.0,0.816596806,1.0,1.0,1.0
1519,1.0,0.0,1.0,0.483873397,0.0,1.0,0.811854243,1.0,1.0,1.0
1520,1.0,0.0,1.0,0.256917894,0.0,1.0,0.857294559,1.0,1.0,1.0
1521,1.0,0.0007,1.0,0.257197738,0.0,1.0,0.874639392,1.0,1.0,1.0
1522,1.0,0.0505,1.0,0.348806858,0.0292,1.0,0.920261383,1.0,1.0,1.0
1523,1.0,0.1048,1.0,0.785438538,0.1156,1.0,0.8873564,1.0,1.0,1.0
1524,1.0,0.1705,1.0,0.710183978,0.2348,1.0,0.752746642,1.0,1.0,1.0
1525,1.0,0.1971,1.0,0.631953299,0.1878,1.0,0.657651842,1.0,1.0,1.0
1526,1.0,0.1052,1.0,0.581832588,0.1144,1.0,0.574343443,1.0,1.0,1.0
1527,1.0,0.2212,1.0,0.137682393,0.2492,1.0,0.071220547,1.0,1.0,1.0
1528,1.0,0.0074,1.0,0.345120698,0.0009,1.0,0.45094049,1.0,1.0,1.0
1529,1.0,0.0,1.0,0.621117353,0.0,1.0,0.432250559,1.0,1.0,1.0
1530,1.0,0.0,1.0,0.686918616,0.0,1.0,0.504636049,1.0,1.0,1.0
1531,1.0,0.0,1.0,0.366182357,0.0,1.0,0.457022727,1.0,1.0,1.0
1532,1.0,0.0,1.0,0.401713967,0.0,1.0,0.388574898,1.0,1.0,1.0
1533,1.0,0.0,1.0,0.326962322,0.0,1.0,0.405814767,1.0,1.0,1.0
1534,1.0,0.0,1.0,0.272388577,0.0,1.0,0.472794116,1.0,1.0,1.0
1535,1.0,0.0,1.0,0.137915522,0.0,1.0,0.532806039,1.0,1.0,1.0
1536,1.0,0.0,1.0,0.491606623,0.0,1.0,0.708121538,1.0,1.0,1.0
1537,1.0,0.0,1.0,0.81550777,0.0,1.0,0.644795358,1.0,1.0,1.0
1538,1.0,0.0,1.0,0.468694687,0.0,1.0,0.047707498,1.0,1.0,1.0
1539,1.0,0.0,1.0,0.342943013,0.0,1.0,0.086663306,1.0,1.0,1.0
1540,1.0,0.0,1.0,0.217373967,0.0,1.0,0.129496828,1.0,1.0,1.0
1541,1.0,0.0,1.0,0.136482522,0.0,1.0,0.29490152,1.0,1.0,1.0
1542,1.0,0.0,1.0,0.165376976,0.0,1.0,0.256992638,1.0,1.0,1.0
1543,1.0,0.0,1.0,0.096116997,0.0,1.0,0.287277013,1.0,1.0,1.0
1544,1.0,0.0,1.0,0.112607621,0.0,1.0,0.135954767,1.0,1.0,1.0
1545,1.0,0.1639,1.0,0.253948212,0.1671,1.0,0.204432517,1.0,1.0,1.0
1546,1.0,0.3664,1.0,0.345307529,0.3708,1.0,0.313680887,1.0,1.0,1.0
1547,1.0,0.505,1.0,0.607268155,0.5054,1.0,0.341952682,1.0,1.0,1.0
1548,1.0,0.5522,1.0,0.895347476,0.5503,1.0,0.325699627,1.0,1.0,1.0
1549,1.0,0.5432,1.0,0.818963051,0.5484,1.0,0.414384872,1.0,1.0,1.0
1550,1.0,0.5046,1.0,0.633790016,0.5167,1.0,0.310681403,1.0,1.0,1.0
1551,1.0,0.39,1.0,0.659967601,0.4102,1.0,0.286657661,1.0,1.0,1.0
1552,1.0,0.2203,1.0,0.461394429,0.2491,1.0,0.207193345,1.0,1.0,1.0
1553,1.0,0.0,1.0,0.492189974,0.0018,1.0,0.097790241,1.0,1.0,1.0
1554,1.0,0.0,1.0,0.166118383,0.0,1.0,0.049327001,1.0,1.0,1.0
1555,1.0,0.0,1.0,0.193353608,0.0,1.0,0.097317398,1.0,1.0,1.0
1556,1.0,0.0,1.0,0.095966294,0.0,1.0,0.071823731,1.0,1.0,1.0
1557,1.0,0.0,1.0,0.067647651,0.0,1.0,0.078224644,1.0,1.0,1.0
1558,1.0,0.0,1.0,0.088506259,0.0,1.0,0.075439036,1.0,1.0,1.0
1559,1.0,0.0,1.0,0.073872171,0.0,1.0,0.05418491,1.0,1.0,1.0
1560,1.0,0.0,1.0,0.057433523,0.0,1.0,0.076728374,1.0,1.0,1.0
1561,1.0,0.0,1.0,0.093095124,0.0,1.0,0.033453707,1.0,1.0,1.0
1562,1.0,0.0,1.0,0.081526995,0.0,1.0,0.058150489,1.0,1.0,1.0
1563,1.0,0.0,1.0,0.039208543,0.0,1.0,0.024612814,1.0,1.0,1.0
1564,1.0,0.0,1.0,0.060384121,0.0,1.0,0.034473799,1.0,1.0,1.0
1565,1.0,0.0,1.0,0.181746393,0.0,1.0,0.244715124,1.0,1.0,1.0
1566,1.0,0.0,1.0,0.13813591,0.0,1.0,0.305245638,1.0,1.0,1.0
1567,1.0,0.0,1.0,0.097175375,0.0,1.0,0.29883039,1.0,1.0,1.0
1568,1.0,0.0,1.0,0.06015899,0.0,1.0,0.302222699,1.0,1.0,1.0
1569,1.0,0.1778,1.0,0.006363994,0.1731,1.0,0.3598966,1.0,1.0,1.0
1570,1.0,0.3212,1.0,2.03e-5,0.3189,1.0,0.013663233,1.0,1.0,1.0
1571,1.0,0.4819,1.0,0.001948284,0.4777,1.0,0.103079036,1.0,1.0,1.0
1572,1.0,0.481,1.0,0.016269868,0.4466,1.0,0.095783345,1.0,1.0,1.0
1573,1.0,0.4657,1.0,0.017550495,0.4597,1.0,0.065801904,1.0,1.0,1.0
1574,1.0,0.4725,1.0,0.05185781,0.4995,1.0,0.055737235,1.0,1.0,1.0
1575,1.0,0.3945,1.0,0.09598355,0.4403,1.0,0.083775587,1.0,1.0,1.0
1576,1.0,0.2277,1.0,0.074015401,0.2698,1.0,0.135957122,1.0,1.0,1.0
1577,1.0,0.0087,1.0,0.044333924,0.0372,1.0,0.175363272,1.0,1.0,1.0
1578,1.0,0.0,1.0,0.155729219,0.0,1.0,0.261491388,1.0,1.0,1.0
1579,1.0,0.0,1.0,0.077974565,0.0,1.0,0.356069803,1.0,1.0,1.0
1580,1.0,0.0,1.0,0.106946424,0.0,1.0,0.426764488,1.0,1.0,1.0
1581,1.0,0.0,1.0,0.163002506,0.0,1.0,0.553423643,1.0,1.0,1.0
1582,1.0,0.0,1.0,0.125205025,0.0,1.0,0.531875134,1.0,1.0,1.0
1583,1.0,0.0,1.0,0.067675166,0.0,1.0,0.357487917,1.0,1.0,1.0
1584,1.0,0.0,1.0,0.006749248,0.0,1.0,0.398338258,1.0,1.0,1.0
1585,1.0,0.0,1.0,0.011403062,0.0,1.0,0.437442243,1.0,1.0,1.0
1586,1.0,0.0,1.0,0.015527932,0.0,1.0,0.423039585,1.0,1.0,1.0
1587,1.0,0.0,1.0,0.012834582,0.0,1.0,0.386880755,1.0,1.0,1.0
1588,1.0,0.0,1.0,0.034771759,0.0,1.0,0.38306734,1.0,1.0,1.0
1589,1.0,0.0,1.0,0.050172642,0.0,1.0,0.406823039,1.0,1.0,1.0
1590,1.0,0.0,1.0,0.076260507,0.0,1.0,0.425955921,1.0,1.0,1.0
1591,1.0,0.0,1.0,0.212555856,0.0,1.0,0.33593756,1.0,1.0,1.0
1592,1.0,0.0,1.0,0.258392602,0.0,1.0,0.355194688,1.0,1.0,1.0
1593,1.0,0.2204,1.0,0.261120886,0.2305,1.0,0.333629459,1.0,1.0,1.0
1594,1.0,0.4407,1.0,0.08972954,0.4559,1.0,0.269762248,1.0,1.0,1.0
1595,1.0,0.596,1.0,0.015675036,0.6076,1.0,0.119699918,1.0,1.0,1.0
1596,1.0,0.6674,1.0,0.0,0.6761,1.0,0.051054835,1.0,1.0,1.0
1597,1.0,0.6674,1.0,0.0,0.6782,1.0,0.031588804,1.0,1.0,1.0
1598,1.0,0.6298,1.0,0.0,0.6478,1.0,0.028848607,1.0,1.0,1.0
1599,1.0,0.5087,1.0,0.0,0.5328,1.0,0.021987919,1.0,1.0,1.0
1600,1.0,0.3243,1.0,0.0,0.3529,1.0,0.064300239,1.0,1.0,1.0
1601,1.0,0.02,1.0,0.101061814,0.0951,1.0,0.129923359,1.0,1.0,1.0
1602,1.0,0.0,1.0,0.120749295,0.0,1.0,0.194932669,1.0,1.0,1.0
1603,1.0,0.0,1.0,0.182267532,0.0,1.0,0.292241454,1.0,1.0,1.0
1604,1.0,0.0,1.0,0.075609155,0.0,1.0,0.493766457,1.0,1.0,1.0
1605,1.0,0.0,1.0,0.138091385,0.0,1.0,0.507269502,1.0,1.0,1.0
1606,1.0,0.0,1.0,7.9e-5,0.0,1.0,0.00347714,1.0,1.0,1.0
1607,1.0,0.0,1.0,0.0,0.0,1.0,0.003732788,1.0,1.0,1.0
1608,1.0,0.0,1.0,7.36e-5,0.0,1.0,0.004459542,1.0,1.0,1.0
1609,1.0,0.0,1.0,0.000228847,0.0,1.0,0.004929205,1.0,1.0,1.0
1610,1.0,0.0,1.0,0.000277969,0.0,1.0,0.00880672,1.0,1.0,1.0
1611,1.0,0.0,1.0,0.651664972,0.0,1.0,0.763098538,1.0,1.0,1.0
1612,1.0,0.0,1.0,0.864569783,0.0,1.0,0.744845152,1.0,1.0,1.0
1613,1.0,0.0,1.0,0.745040953,0.0,1.0,0.697454095,1.0,1.0,1.0
1614,1.0,0.0,1.0,0.778582692,0.0,1.0,0.722354054,1.0,1.0,1.0
1615,1.0,0.0,1.0,0.795287371,0.0,1.0,0.651686311,1.0,1.0,1.0
1616,1.0,0.0,1.0,0.897818744,0.0,1.0,0.669353664,1.0,1.0,1.0
1617,1.0,0.2408,1.0,0.88659513,0.2428,1.0,0.580437243,1.0,1.0,1.0
1618,1.0,0.4528,1.0,0.710768342,0.4519,1.0,0.71672833,1.0,1.0,1.0
1619,1.0,0.5998,1.0,0.582394958,0.5844,1.0,0.597135425,1.0,1.0,1.0
1620,1.0,0.6552,1.0,0.447959572,0.6405,1.0,0.457535177,1.0,1.0,1.0
1621,1.0,0.6695,1.0,0.311122924,0.667,1.0,0.42909205,1.0,1.0,1.0
1622,1.0,0.6377,1.0,0.099691056,0.6421,1.0,0.590516567,1.0,1.0,1.0
1623,1.0,0.5151,1.0,0.085809693,0.5325,1.0,0.582651258,1.0,1.0,1.0
1624,1.0,0.3276,1.0,0.236667052,0.3499,1.0,0.721890867,1.0,1.0,1.0
1625,1.0,0.0316,1.0,0.43822372,0.1018,1.0,0.769986033,1.0,1.0,1.0
1626,1.0,0.0,1.0,0.717240393,0.0,1.0,0.950588107,1.0,1.0,1.0
1627,1.0,0.0,1.0,0.8129673,0.0,1.0,0.971164465,1.0,1.0,1.0
1628,1.0,0.0,1.0,0.545247614,0.0,1.0,0.902202249,1.0,1.0,1.0
1629,1.0,0.0,1.0,0.39265734,0.0,1.0,0.933861971,1.0,1.0,1.0
1630,1.0,0.0,1.0,0.642879963,0.0,1.0,0.854260206,1.0,1.0,1.0
1631,1.0,0.0,1.0,0.519030392,0.0,1.0,0.925344527,1.0,1.0,1.0
1632,1.0,0.0,1.0,0.43005681,0.0,1.0,0.979553103,1.0,1.0,1.0
1633,1.0,0.0,1.0,0.011039912,0.0,1.0,0.346641749,1.0,1.0,1.0
1634,1.0,0.0,1.0,0.374893755,0.0,1.0,0.932935596,1.0,1.0,1.0
1635,1.0,0.0,1.0,0.323595554,0.0,1.0,0.879860103,1.0,1.0,1.0
1636,1.0,0.0,1.0,0.28742072,0.0,1.0,0.850280166,1.0,1.0,1.0
1637,1.0,0.0,1.0,0.406802684,0.0,1.0,0.828444421,1.0,1.0,1.0
1638,1.0,0.0,1.0,0.316344827,0.0,1.0,0.823397756,1.0,1.0,1.0
1639,1.0,0.0,1.0,0.279798567,0.0,1.0,0.746972561,1.0,1.0,1.0
1640,1.0,0.0,1.0,0.009317757,0.0,1.0,0.050366659,1.0,1.0,1.0
1641,1.0,0.2379,1.0,0.331345528,0.233,1.0,0.620849609,1.0,1.0,1.0
1642,1.0,0.4528,1.0,0.130919352,0.4441,1.0,0.596849382,1.0,1.0,1.0
1643,1.0,0.6037,1.0,0.003302492,0.5875,1.0,0.479713708,1.0,1.0,1.0
1644,1.0,0.6357,1.0,0.005010888,0.6126,1.0,0.316461474,1.0,1.0,1.0
1645,1.0,0.6786,1.0,0.000304395,0.6661,1.0,0.42944476,1.0,1.0,1.0
1646,1.0,0.6462,1.0,0.000422955,0.6359,1.0,0.304661095,1.0,1.0,1.0
1647,1.0,0.5241,1.0,0.0,0.5402,1.0,0.392088652,1.0,1.0,1.0
1648,1.0,0.3343,1.0,0.0,0.3539,1.0,0.394254804,1.0,1.0,1.0
1649,1.0,0.0421,1.0,0.000423818,0.0974,1.0,0.397166491,1.0,1.0,1.0
1650,1.0,0.0,1.0,0.013640633,0.0,1.0,0.454056561,1.0,1.0,1.0
1651,1.0,0.0,1.0,0.036823757,0.0,1.0,0.518212378,1.0,1.0,1.0
1652,1.0,0.0,1.0,0.176990777,0.0,1.0,0.276927352,1.0,1.0,1.0
1653,1.0,0.0,1.0,0.276975691,0.0,1.0,0.340650439,1.0,1.0,1.0
1654,1.0,0.0,1.0,0.38549161,0.0,1.0,0.291743219,1.0,1.0,1.0
1655,1.0,0.0,1.0,0.325363547,0.0,1.0,0.345726013,1.0,1.0,1.0
1656,1.0,0.0,1.0,0.502069533,0.0,1.0,0.358808756,1.0,1.0,1.0
1657,1.0,0.0,1.0,0.487383723,0.0,1.0,0.379118085,1.0,1.0,1.0
1658,1.0,0.0,1.0,0.07464166,0.0,1.0,0.009151744,1.0,1.0,1.0
1659,1.0,0.0,1.0,0.513041496,0.0,1.0,0.269881129,1.0,1.0,1.0
1660,1.0,0.0,1.0,0.374370486,0.0,1.0,0.259164661,1.0,1.0,1.0
1661,1.0,0.0,1.0,0.603776991,0.0,1.0,0.269696862,1.0,1.0,1.0
1662,1.0,0.0,1.0,0.461283565,0.0,1.0,0.298411936,1.0,1.0,1.0
1663,1.0,0.0,1.0,0.527458489,0.0,1.0,0.381294966,1.0,1.0,1.0
1664,1.0,0.0,1.0,0.537802756,0.0,1.0,0.285199881,1.0,1.0,1.0
1665,1.0,0.0685,1.0,0.84047395,0.0364,1.0,0.406059921,1.0,1.0,1.0
1666,1.0,0.2141,1.0,0.782890916,0.221,1.0,0.400033474,1.0,1.0,1.0
1667,1.0,0.3076,1.0,0.805661976,0.2929,1.0,0.309505075,1.0,1.0,1.0
1668,1.0,0.3144,1.0,0.937437594,0.324,1.0,0.230595976,1.0,1.0,1.0
1669,1.0,0.3146,1.0,0.950480282,0.2761,1.0,0.218524069,1.0,1.0,1.0
1670,1.0,0.3613,1.0,0.434049129,0.415,1.0,0.045334645,1.0,1.0,1.0
1671,1.0,0.1576,1.0,0.879519641,0.0917,1.0,0.177618682,1.0,1.0,1.0
1672,1.0,0.0108,1.0,0.851208627,0.0104,1.0,0.211372554,1.0,1.0,1.0
1673,1.0,0.0,1.0,0.928982675,0.0,1.0,0.272438705,1.0,1.0,1.0
1674,1.0,0.0,1.0,0.886400998,0.0,1.0,0.281877011,1.0,1.0,1.0
1675,1.0,0.0,1.0,0.782507002,0.0,1.0,0.354145437,1.0,1.0,1.0
1676,1.0,0.0,1.0,0.756378293,0.0,1.0,0.37987417,1.0,1.0,1.0
1677,1.0,0.0,1.0,0.823476315,0.0,1.0,0.359234035,1.0,1.0,1.0
1678,1.0,0.0,1.0,0.860235214,0.0,1.0,0.315570563,1.0,1.0,1.0
1679,1.0,0.0,1.0,0.961100221,0.0,1.0,0.305637121,1.0,1.0,1.0
1680,1.0,0.0,1.0,0.941586673,0.0,1.0,0.337157279,1.0,1.0,1.0
1681,1.0,0.0,1.0,0.973256946,0.0,1.0,0.766265631,1.0,1.0,1.0
1682,1.0,0.0,1.0,0.98031801,0.0,1.0,0.825291634,1.0,1.0,1.0
1683,1.0,0.0,1.0,0.97805959,0.0,1.0,0.82798636,1.0,1.0,1.0
1684,1.0,0.0,1.0,0.972352087,0.0,1.0,0.728311837,1.0,1.0,1.0
1685,1.0,0.0,1.0,0.969721198,0.0,1.0,0.613039911,1.0,1.0,1.0
1686,1.0,0.0,1.0,0.958485186,0.0,1.0,0.498878062,1.0,1.0,1.0
1687,1.0,0.0,1.0,0.873157978,0.0,1.0,0.514073312,1.0,1.0,1.0
1688,1.0,0.0215,1.0,0.93300271,0.0097,1.0,0.582130432,1.0,1.0,1.0
1689,1.0,0.1102,1.0,0.947054029,0.1175,1.0,0.526664078,1.0,1.0,1.0
1690,1.0,0.18,1.0,0.97704047,0.2176,1.0,0.387471616,1.0,1.0,1.0
1691,1.0,0.3108,1.0,0.936715662,0.3359,1.0,0.332711607,1.0,1.0,1.0
1692,1.0,0.2751,1.0,0.84050864,0.3336,1.0,0.240938216,1.0,1.0,1.0
1693,1.0,0.2799,1.0,0.637986302,0.3762,1.0,0.21453312,1.0,1.0,1.0
1694,1.0,0.3584,1.0,0.652715683,0.4341,1.0,0.133675739,1.0,1.0,1.0
1695,1.0,0.3817,1.0,0.909101725,0.4454,1.0,0.095664777,1.0,1.0,1.0
1696,1.0,0.3267,1.0,0.895211756,0.362,1.0,0.120998204,1.0,1.0,1.0
1697,1.0,0.132,1.0,0.541547298,0.1677,1.0,0.197106719,1.0,1.0,1.0
1698,1.0,0.0,1.0,0.610845327,0.0,1.0,0.275644362,1.0,1.0,1.0
1699,1.0,0.0,1.0,0.838811159,0.0,1.0,0.255327553,1.0,1.0,1.0
1700,1.0,0.0,1.0,0.968714952,0.0,1.0,0.403449237,1.0,1.0,1.0
1701,1.0,0.0,1.0,0.981149793,0.0,1.0,0.419306397,1.0,1.0,1.0
1702,1.0,0.0,1.0,0.993087888,0.0,1.0,0.478286386,1.0,1.0,1.0
1703,1.0,0.0,1.0,0.982717752,0.0,1.0,0.601003826,1.0,1.0,1.0
1704,1.0,0.0,1.0,0.983977854,0.0,1.0,0.639689088,1.0,1.0,1.0
1705,1.0,0.0,1.0,0.993170738,0.0,1.0,0.684344947,1.0,1.0,1.0
1706,1.0,0.0,1.0,0.986391783,0.0,1.0,0.762121081,1.0,1.0,1.0
1707,1.0,0.0,1.0,0.985191524,0.0,1.0,0.842633247,1.0,1.0,1.0
1708,1.0,0.0,1.0,0.977532983,0.0,1.0,0.771954536,1.0,1.0,1.0
1709,1.0,0.0,1.0,0.992018521,0.0,1.0,0.78239125,1.0,1.0,1.0
1710,1.0,0.0,1.0,0.978590786,0.0,1.0,0.82505703,1.0,1.0,1.0
1711,1.0,0.0,1.0,0.86108613,0.0,1.0,0.907191992,1.0,1.0,1.0
1712,1.0,0.0605,1.0,0.90645504,0.043,1.0,0.92545855,1.0,1.0,1.0
1713,1.0,0.2056,1.0,0.980823457,0.1647,1.0,0.886749029,1.0,1.0,1.0
1714,1.0,0.3067,1.0,0.905999482,0.3382,1.0,0.866063833,1.0,1.0,1.0
1715,1.0,0.3923,1.0,0.955959141,0.3577,1.0,0.8367697,1.0,1.0,1.0
1716,1.0,0.4101,1.0,0.956791401,0.307,1.0,0.844833016,1.0,1.0,1.0
1717,1.0,0.3265,1.0,0.610010505,0.3225,1.0,0.856024802,1.0,1.0,1.0
1718,1.0,0.3543,1.0,0.555813551,0.3443,1.0,0.789561987,1.0,1.0,1.0
1719,1.0,0.3239,1.0,0.476414591,0.2887,1.0,0.697618365,1.0,1.0,1.0
1720,1.0,0.2139,1.0,0.118382618,0.1717,1.0,0.717000365,1.0,1.0,1.0
1721,1.0,0.072,1.0,0.219050586,0.0553,1.0,0.715849638,1.0,1.0,1.0
1722,1.0,0.0,1.0,0.408761621,0.0,1.0,0.611682713,1.0,1.0,1.0
1723,1.0,0.0,1.0,0.507191718,0.0,1.0,0.509513378,1.0,1.0,1.0
1724,1.0,0.0,1.0,0.188159958,0.0,1.0,0.662385643,1.0,1.0,1.0
1725,1.0,0.0,1.0,0.145243108,0.0,1.0,0.531807899,1.0,1.0,1.0
1726,1.0,0.0,1.0,0.204861507,0.0,1.0,0.4906151,1.0,1.0,1.0
1727,1.0,0.0,1.0,0.053678736,0.0,1.0,0.577703774,1.0,1.0,1.0
1728,1.0,0.0,1.0,0.275273234,0.0,1.0,0.497141749,1.0,1.0,1.0
1729,1.0,0.0,1.0,0.670831561,0.0,1.0,0.357533723,1.0,1.0,1.0
1730,1.0,0.0,1.0,0.852585375,0.0,1.0,0.338484794,1.0,1.0,1.0
1731,1.0,0.0,1.0,0.950297058,0.0,1.0,0.274052173,1.0,1.0,1.0
1732,1.0,0.0,1.0,0.940219402,0.0,1.0,0.276765674,1.0,1.0,1.0
1733,1.0,0.0,1.0,0.92296797,0.0,1.0,0.228949204,1.0,1.0,1.0
1734,1.0,0.0,1.0,0.922572851,0.0,1.0,0.293798834,1.0,1.0,1.0
1735,1.0,0.0,1.0,0.928044617,0.0,1.0,0.485212088,1.0,1.0,1.0
1736,1.0,0.1037,1.0,0.942382634,0.1888,1.0,0.503619492,1.0,1.0,1.0
1737,1.0,0.3738,1.0,0.997856736,0.3754,1.0,0.685714483,1.0,1.0,1.0
1738,1.0,0.4981,1.0,1.0,0.5028,1.0,0.791653097,1.0,1.0,1.0
1739,1.0,0.612,1.0,1.0,0.6248,1.0,0.871738315,1.0,1.0,1.0
1740,1.0,0.6376,1.0,1.0,0.6784,1.0,0.841710687,1.0,1.0,1.0
1741,1.0,0.6688,1.0,1.0,0.7137,1.0,0.919550598,1.0,1.0,1.0
1742,1.0,0.5734,1.0,1.0,0.5941,1.0,0.962088227,1.0,1.0,1.0
1743,1.0,0.5992,1.0,0.999822497,0.6349,1.0,0.994622588,1.0,1.0,1.0
1744,1.0,0.4377,1.0,0.999640048,0.4757,1.0,0.978479803,1.0,1.0,1.0
1745,1.0,0.2159,1.0,0.948697388,0.2589,1.0,0.922472,1.0,1.0,1.0
1746,1.0,0.0,1.0,0.924775958,0.0,1.0,0.987218022,1.0,1.0,1.0
1747,1.0,0.0,1.0,0.794654906,0.0,1.0,0.956002712,1.0,1.0,1.0
1748,1.0,0.0,1.0,0.496170223,0.0,1.0,0.865619838,1.0,1.0,1.0
1749,1.0,0.0,1.0,0.382007331,0.0,1.0,0.824476957,1.0,1.0,1.0
1750,1.0,0.0,1.0,0.458192676,0.0,1.0,0.72318989,1.0,1.0,1.0
1751,1.0,0.0,1.0,0.219945371,0.0,1.0,0.650988221,1.0,1.0,1.0
1752,1.0,0.0,1.0,0.672615945,0.0,1.0,0.746117115,1.0,1.0,1.0
1753,1.0,0.0,1.0,0.790695429,0.0,1.0,0.841066897,1.0,1.0,1.0
1754,1.0,0.0,1.0,0.751924276,0.0,1.0,0.872008085,1.0,1.0,1.0
1755,1.0,0.0,1.0,0.611951411,0.0,1.0,0.746564746,1.0,1.0,1.0
1756,1.0,0.0,1.0,0.620411396,0.0,1.0,0.73396647,1.0,1.0,1.0
1757,1.0,0.0,1.0,0.386622071,0.0,1.0,0.796435595,1.0,1.0,1.0
1758,1.0,0.0,1.0,0.312067747,0.0,1.0,0.81863457,1.0,1.0,1.0
1759,1.0,0.0,1.0,0.047345538,0.0,1.0,0.725407004,1.0,1.0,1.0
1760,1.0,0.1905,1.0,0.071744822,0.1796,1.0,0.642841816,1.0,1.0,1.0
1761,1.0,0.4178,1.0,0.028206639,0.4105,1.0,0.598981798,1.0,1.0,1.0
1762,1.0,0.5817,1.0,0.00011331,0.562,1.0,0.379219294,1.0,1.0,1.0
1763,1.0,0.6532,1.0,0.026262281,0.6477,1.0,0.308797598,1.0,1.0,1.0
1764,1.0,0.6672,1.0,0.0,0.6139,1.0,0.235533953,1.0,1.0,1.0
1765,1.0,0.6623,1.0,0.0,0.6443,1.0,0.110605441,1.0,1.0,1.0
1766,1.0,0.6657,1.0,0.0,0.6354,1.0,0.131094754,1.0,1.0,1.0
1767,1.0,0.5627,1.0,0.0,0.5505,1.0,0.122508883,1.0,1.0,1.0
1768,1.0,0.3873,1.0,0.0,0.3941,1.0,0.060505453,1.0,1.0,1.0
1769,1.0,0.1657,1.0,0.003144653,0.1819,1.0,0.026443888,1.0,1.0,1.0
1770,1.0,0.0,1.0,0.065051302,0.0,1.0,0.038878784,1.0,1.0,1.0
1771,1.0,0.0,1.0,0.041126672,0.0,1.0,0.067580946,1.0,1.0,1.0
1772,1.0,0.0,1.0,0.099054694,0.0,1.0,0.061323173,1.0,1.0,1.0
1773,1.0,0.0,1.0,0.090165757,0.0,1.0,0.037877019,1.0,1.0,1.0
1774,1.0,0.0,1.0,0.299225628,0.0,1.0,0.045391329,1.0,1.0,1.0
1775,1.0,0.0,1.0,0.612574279,0.0,1.0,0.055416323,1.0,1.0,1.0
1776,1.0,0.0,1.0,0.703891098,0.0,1.0,0.089966379,1.0,1.0,1.0
1777,1.0,0.0,1.0,0.733086348,0.0,1.0,0.116398066,1.0,1.0,1.0
1778,1.0,0.0,1.0,0.634197354,0.0,1.0,0.215699196,1.0,1.0,1.0
1779,1.0,0.0,1.0,0.396869719,0.0,1.0,0.231511623,1.0,1.0,1.0
1780,1.0,0.0,1.0,0.151167691,0.0,1.0,0.180385232,1.0,1.0,1.0
1781,1.0,0.0,1.0,0.047037389,0.0,1.0,0.180215091,1.0,1.0,1.0
1782,1.0,0.0,1.0,0.210611314,0.0,1.0,0.198262438,1.0,1.0,1.0
1783,1.0,0.0,1.0,0.522927701,0.0,1.0,0.326084971,1.0,1.0,1.0
1784,1.0,0.1736,1.0,0.564324081,0.1846,1.0,0.495108426,1.0,1.0,1.0
1785,1.0,0.3956,1.0,0.517066121,0.4174,1.0,0.477659822,1.0,1.0,1.0
1786,1.0,0.5752,1.0,0.176015064,0.5731,1.0,0.404312402,1.0,1.0,1.0
1787,1.0,0.6762,1.0,0.022595532,0.6413,1.0,0.434353948,1.0,1.0,1.0
1788,1.0,0.69,1.0,0.121439934,0.6823,1.0,0.522014022,1.0,1.0,1.0
1789,1.0,0.6997,1.0,0.241908461,0.701,1.0,0.703405857,1.0,1.0,1.0
1790,1.0,0.688,1.0,0.463194638,0.6745,1.0,0.758583069,1.0,1.0,1.0
1791,1.0,0.5822,1.0,0.635374784,0.5811,1.0,0.838125706,1.0,1.0,1.0
1792,1.0,0.416,1.0,0.929497361,0.4471,1.0,0.735728621,1.0,1.0,1.0
1793,1.0,0.1969,1.0,0.778412879,0.2126,1.0,0.675085187,1.0,1.0,1.0
1794,1.0,0.0,1.0,0.52072829,0.0,1.0,0.760095179,1.0,1.0,1.0
1795,1.0,0.0,1.0,0.832364023,0.0,1.0,0.862771988,1.0,1.0,1.0
1796,1.0,0.0,1.0,0.853689492,0.0,1.0,0.865571737,1.0,1.0,1.0
1797,1.0,0.0,1.0,0.666222036,0.0,1.0,0.890111268,1.0,1.0,1.0
1798,1.0,0.0,1.0,0.521987855,0.0,1.0,0.878307402,1.0,1.0,1.0
1799,1.0,0.0,1.0,0.4261536,0.0,1.0,0.89946574,1.0,1.0,1.0
1800,1.0,0.0,1.0,0.902489185,0.0,1.0,0.875834942,1.0,1.0,1.0
1801,1.0,0.0,1.0,0.671697974,0.0,1.0,0.832332015,1.0,1.0,1.0
1802,1.0,0.0,1.0,0.79030633,0.0,1.0,0.752482891,1.0,1.0,1.0
1803,1.0,0.0,1.0,0.762399733,0.0,1.0,0.574376285,1.0,1.0,1.0
1804,1.0,0.0,1.0,0.833920181,0.0,1.0,0.595435739,1.0,1.0,1.0
1805,1.0,0.0,1.0,0.311147124,0.0,1.0,0.779488206,1.0,1.0,1.0
1806,1.0,0.0,1.0,0.322079867,0.0,1.0,0.681679368,1.0,1.0,1.0
1807,1.0,0.0,1.0,0.184155732,0.0,1.0,0.637585998,1.0,1.0,1.0
1808,1.0,0.0137,1.0,0.385980189,0.0012,1.0,0.54462266,1.0,1.0,1.0
1809,1.0,0.1202,1.0,0.644087911,0.0695,1.0,0.744631052,1.0,1.0,1.0
1810,1.0,0.1691,1.0,0.807191014,0.1343,1.0,0.70130527,1.0,1.0,1.0
1811,1.0,0.2403,1.0,0.741118908,0.2246,1.0,0.745470643,1.0,1.0,1.0
1812,1.0,0.2934,1.0,0.649977267,0.2206,1.0,0.740904093,1.0,1.0,1.0
1813,1.0,0.3407,1.0,0.653271496,0.197,1.0,0.730060875,1.0,1.0,1.0
1814,1.0,0.3119,1.0,0.834918559,0.0966,1.0,0.807343125,1.0,1.0,1.0
1815,1.0,0.1555,1.0,0.954018116,0.1254,1.0,0.930219293,1.0,1.0,1.0
1816,1.0,0.0634,1.0,0.96843487,0.0409,1.0,0.923228621,1.0,1.0,1.0
1817,1.0,0.0037,1.0,0.773610055,0.001,1.0,0.943951428,1.0,1.0,1.0
1818,1.0,0.0,1.0,0.300880402,0.0,1.0,0.938545585,1.0,1.0,1.0
1819,1.0,0.0,1.0,0.383148253,0.0,1.0,0.946848869,1.0,1.0,1.0
1820,1.0,0.0,1.0,0.595187545,0.0,1.0,0.945524096,1.0,1.0,1.0
1821,1.0,0.0,1.0,0.317172766,0.0,1.0,0.960756898,1.0,1.0,1.0
1822,1.0,0.0,1.0,0.139804393,0.0,1.0,0.899958134,1.0,1.0,1.0
1823,1.0,0.0,1.0,0.227691144,0.0,1.0,0.880884349,1.0,1.0,1.0
1824,1.0,0.0,1.0,0.383460373,0.0,1.0,0.838677406,1.0,1.0,1.0
1825,1.0,0.0,1.0,0.482100129,0.0,1.0,0.787765622,1.0,1.0,1.0
1826,1.0,0.0,1.0,0.429887861,0.0,1.0,0.740416646,1.0,1.0,1.0
1827,1.0,0.0,1.0,0.165128008,0.0,1.0,0.802461624,1.0,1.0,1.0
1828,1.0,0.0,1.0,0.112509556,0.0,1.0,0.777784705,1.0,1.0,1.0
1829,1.0,0.0,1.0,0.120007463,0.0,1.0,0.770112514,1.0,1.0,1.0
1830,1.0,0.0,1.0,0.061744221,0.0,1.0,0.780834675,1.0,1.0,1.0
1831,1.0,0.0,1.0,0.161194995,0.0,1.0,0.790352821,1.0,1.0,1.0
1832,1.0,0.0332,1.0,0.008176566,0.1233,1.0,0.739704967,1.0,1.0,1.0
1833,1.0,0.2203,1.0,0.028129116,0.3359,1.0,0.779059231,1.0,1.0,1.0
1834,1.0,0.3719,1.0,0.023529317,0.5242,1.0,0.68974489,1.0,1.0,1.0
1835,1.0,0.5233,1.0,0.014750986,0.6378,1.0,0.547596931,1.0,1.0,1.0
1836,1.0,0.6031,1.0,0.033261679,0.6602,1.0,0.125704348,1.0,1.0,1.0
1837,1.0,0.5883,1.0,0.178576827,0.6459,1.0,0.612596571,1.0,1.0,1.0
1838,1.0,0.5771,1.0,0.529172122,0.6269,1.0,0.550934553,1.0,1.0,1.0
1839,1.0,0.5169,1.0,0.564204037,0.5818,1.0,0.470416635,1.0,1.0,1.0
1840,1.0,0.3534,1.0,0.834608614,0.4247,1.0,0.427672088,1.0,1.0,1.0
1841,1.0,0.153,1.0,0.89376235,0.2099,1.0,0.428323776,1.0,1.0,1.0
1842,1.0,0.0,1.0,0.672981381,0.0,1.0,0.553063929,1.0,1.0,1.0
1843,1.0,0.0,1.0,0.885608613,0.0,1.0,0.566572726,1.0,1.0,1.0
1844,1.0,0.0,1.0,0.602224708,0.0,1.0,0.435959816,1.0,1.0,1.0
1845,1.0,0.0,1.0,0.969844997,0.0,1.0,0.346201658,1.0,1.0,1.0
1846,1.0,0.0,1.0,0.899568796,0.0,1.0,0.304406852,1.0,1.0,1.0
1847,1.0,0.0,1.0,0.74300772,0.0,1.0,0.439864039,1.0,1.0,1.0
1848,1.0,0.0,1.0,0.873898566,0.0,1.0,0.494073361,1.0,1.0,1.0
