Resource,NGCC_bf,NGCC_gf,NGCT_bf,NGCT_gf,SolarPV,Retro_NGCC_CCS,Retro_NGCC_H2
Zone,1,1,1,1,1,1,1
t1,0.0,153.41244089999998,0.0,0.0,0.0,4.449999999999999,10.0
t2,0.0,153.41244089999998,0.0,0.0,0.0,4.449999999999999,10.0
t3,0.0,153.41244089999998,0.0,0.0,0.0,4.449999999999999,10.0
t4,0.0,153.41244089999998,0.0,0.0,0.0,4.449999999999999,10.0
t5,0.0,153.41244089999998,0.0,0.0,0.0,4.449999999999999,10.0
t6,0.0,153.41244089999998,0.0,0.0,0.0,4.449999999999999,10.0
t7,0.0,153.41244089999998,0.0,0.0,0.0,4.449999999999999,10.0
t8,0.0,153.41244089999998,0.0,0.0,0.0,4.449999999999999,10.0
t9,0.0,0.0,0.0,0.0,0.0,4.004999999999999,5.625
t10,0.0,0.0,0.0,0.0,0.0,0.0,0.0
t11,0.0,0.0,0.0,0.0,0.0,0.0,0.0
t12,0.0,0.0,0.0,0.0,0.0,0.0,0.0
t13,0.0,0.0,0.0,0.0,0.0,0.0,0.0
t14,0.0,0.0,0.0,0.0,0.0,0.0,0.0
t15,0.0,0.0,0.0,0.0,0.0,0.0,0.0
t16,0.0,0.0,0.0,0.0,0.0,0.0,0.0
t17,0.0,0.0,0.0,0.0,0.0,2.5031250000000003,5.625
t18,0.0,170.5410175581634,0.0,0.0,0.0,4.449999999999999,10.0
t19,0.0,170.5410175581634,0.0,0.0,0.0,4.449999999999999,10.0
t20,0.0,170.5410175581634,0.0,0.0,0.0,4.449999999999999,10.0
t21,0.0,170.5410175581634,0.0,0.0,0.0,4.449999999999999,10.0
t22,0.0,170.5410175581634,0.0,0.0,0.0,4.449999999999999,10.0
t23,0.0,170.5410175581634,0.0,0.0,0.0,4.449999999999999,10.0
t24,0.0,170.5410175581634,0.0,0.0,0.0,4.449999999999999,10.0
t25,0.0,170.5410175581634,0.0,0.0,0.0,4.449999999999999,10.0
t26,0.0,170.5410175581634,0.0,0.0,0.0,4.449999999999999,10.0
t27,0.0,170.5410175581634,0.0,0.0,0.0,4.449999999999999,10.0
t28,0.0,170.5410175581634,0.0,0.0,0.0,4.449999999999999,10.0
t29,0.0,170.5410175581634,0.0,0.0,0.0,4.449999999999999,10.0
t30,0.0,170.5410175581634,0.0,0.0,0.0,4.449999999999999,10.0
t31,0.0,170.5410175581634,0.0,0.0,0.0,4.449999999999999,10.0
t32,0.0,170.5410175581634,0.0,0.0,0.0,4.449999999999999,10.0
t33,0.0,0.0,0.0,0.0,0.0,4.004999999999999,8.999999999999998
t34,0.0,0.0,0.0,0.0,0.0,0.0,0.0
t35,0.0,0.0,0.0,0.0,0.0,0.0,0.0
t36,0.0,0.0,0.0,0.0,0.0,0.0,0.0
t37,0.0,0.0,0.0,0.0,0.0,0.0,0.0
t38,0.0,0.0,0.0,0.0,0.0,0.0,0.0
t39,0.0,0.0,0.0,0.0,0.0,0.0,0.0
t40,0.0,0.0,0.0,0.0,0.0,0.0,0.0
t41,0.0,0.0,0.0,0.0,0.0,2.5031250000000003,5.625
t42,0.0,170.5410175581634,0.0,0.0,0.0,4.449999999999999,10.0
t43,0.0,170.5410175581634,0.0,0.0,0.0,4.449999999999999,10.0
t44,0.0,170.5410175581634,0.0,0.0,0.0,4.449999999999999,10.0
t45,0.0,170.5410175581634,0.0,0.0,0.0,4.449999999999999,10.0
t46,0.0,170.5410175581634,0.0,0.0,0.0,4.449999999999999,10.0
t47,0.0,170.5410175581634,0.0,0.0,0.0,4.449999999999999,10.0
t48,0.0,170.5410175581634,0.0,0.0,0.0,4.449999999999999,10.0
t49,0.0,170.5410175581634,0.0,0.0,0.0,4.449999999999999,10.0
t50,0.0,170.5410175581634,0.0,0.0,0.0,4.449999999999999,10.0
t51,0.0,170.5410175581634,0.0,0.0,0.0,4.449999999999999,10.0
t52,0.0,170.5410175581634,0.0,0.0,0.0,4.449999999999999,10.0
t53,0.0,170.5410175581634,0.0,0.0,0.0,4.449999999999999,10.0
t54,0.0,170.5410175581634,0.0,0.0,0.0,4.449999999999999,10.0
t55,0.0,170.5410175581634,0.0,0.0,0.0,4.449999999999999,10.0
t56,0.0,170.5410175581634,0.0,0.0,0.0,4.449999999999999,10.0
t57,0.0,0.0,0.0,0.0,0.0,4.004999999999999,9.0
t58,0.0,0.0,0.0,0.0,0.0,0.0,0.0
t59,0.0,0.0,0.0,0.0,0.0,0.0,0.0
t60,0.0,0.0,0.0,0.0,0.0,0.0,0.0
t61,0.0,0.0,0.0,0.0,0.0,0.0,0.0
t62,0.0,0.0,0.0,0.0,0.0,0.0,0.0
t63,0.0,0.0,0.0,0.0,0.0,0.0,0.0
t64,0.0,0.0,0.0,0.0,0.0,2.5031250000000003,5.625
t65,0.0,116.46984022113354,0.0,0.0,0.0,4.449999999999999,10.0
t66,0.0,170.5410175581634,0.0,0.0,0.0,4.449999999999999,10.0
t67,0.0,170.5410175581634,0.0,0.0,0.0,4.449999999999999,10.0
t68,0.0,170.5410175581634,0.0,0.0,0.0,4.449999999999999,10.0
t69,0.0,170.5410175581634,0.0,0.0,0.0,4.449999999999999,10.0
t70,0.0,170.5410175581634,0.0,0.0,0.0,4.449999999999999,10.0
t71,0.0,170.5410175581634,0.0,0.0,0.0,4.449999999999999,10.0
t72,0.0,170.5410175581634,0.0,0.0,0.0,4.449999999999999,10.0
t73,0.0,170.5410175581634,0.0,0.0,0.0,4.449999999999999,10.0
t74,0.0,170.5410175581634,0.0,0.0,0.0,4.449999999999999,10.0
t75,0.0,170.5410175581634,0.0,0.0,0.0,4.449999999999999,10.0
t76,0.0,170.5410175581634,0.0,0.0,0.0,4.449999999999999,10.0
t77,0.0,170.5410175581634,0.0,0.0,0.0,4.449999999999999,10.0
t78,0.0,170.5410175581634,0.0,0.0,0.0,4.449999999999999,10.0
t79,0.0,170.5410175581634,0.0,0.0,0.0,4.449999999999999,10.0
t80,0.0,170.5410175581634,0.0,0.0,0.0,4.449999999999999,10.0
t81,0.0,0.0,0.0,0.0,0.0,4.004999999999999,5.625
t82,0.0,0.0,0.0,0.0,0.0,0.0,0.0
t83,0.0,0.0,0.0,0.0,0.0,0.0,0.0
t84,0.0,0.0,0.0,0.0,0.0,0.0,0.0
t85,0.0,0.0,0.0,0.0,0.0,0.0,0.0
t86,0.0,0.0,0.0,0.0,0.0,0.0,0.0
t87,0.0,0.0,0.0,0.0,0.0,0.0,0.0
t88,0.0,0.0,0.0,0.0,0.0,0.0,0.0
t89,0.0,0.0,0.0,0.0,0.0,2.5031250000000003,5.625
t90,0.0,170.5410175581634,0.0,0.0,0.0,4.449999999999999,10.0
t91,0.0,170.5410175581634,0.0,0.0,0.0,4.449999999999999,10.0
t92,0.0,170.5410175581634,0.0,0.0,0.0,4.449999999999999,10.0
t93,0.0,170.5410175581634,0.0,0.0,0.0,4.449999999999999,10.0
t94,0.0,170.5410175581634,0.0,0.0,0.0,4.449999999999999,10.0
t95,0.0,170.5410175581634,0.0,0.0,0.0,4.449999999999999,10.0
t96,0.0,170.5410175581634,0.0,0.0,0.0,4.449999999999999,10.0
t97,0.0,170.5410175581634,0.0,0.0,0.0,4.449999999999999,10.0
t98,0.0,170.5410175581634,0.0,0.0,0.0,4.449999999999999,10.0
t99,0.0,170.5410175581634,0.0,0.0,0.0,4.449999999999999,10.0
t100,0.0,170.5410175581634,0.0,0.0,0.0,4.449999999999999,10.0
t101,0.0,170.5410175581634,0.0,0.0,0.0,4.449999999999999,10.0
t102,0.0,170.5410175581634,0.0,0.0,0.0,4.449999999999999,10.0
t103,0.0,170.5410175581634,0.0,0.0,0.0,4.449999999999999,10.0
t104,0.0,170.5410175581634,0.0,0.0,0.0,4.449999999999999,10.0
t105,0.0,0.0,0.0,0.0,0.0,4.004999999999999,5.625
t106,0.0,0.0,0.0,0.0,0.0,0.0,0.0
t107,0.0,0.0,0.0,0.0,0.0,0.0,0.0
t108,0.0,0.0,0.0,0.0,0.0,0.0,0.0
t109,0.0,0.0,0.0,0.0,0.0,0.0,0.0
t110,0.0,0.0,0.0,0.0,0.0,0.0,0.0
t111,0.0,0.0,0.0,0.0,0.0,0.0,0.0
t112,0.0,0.0,0.0,0.0,0.0,0.0,0.0
t113,0.0,0.0,0.0,0.0,0.0,2.5031250000000003,5.625
t114,0.0,170.5410175581634,0.0,0.0,0.0,4.449999999999999,10.0
t115,0.0,170.5410175581634,0.0,0.0,0.0,4.449999999999999,10.0
t116,0.0,170.5410175581634,0.0,0.0,0.0,4.449999999999999,10.0
t117,0.0,170.5410175581634,0.0,0.0,0.0,4.449999999999999,10.0
t118,0.0,170.5410175581634,0.0,0.0,0.0,4.449999999999999,10.0
t119,0.0,170.5410175581634,0.0,0.0,0.0,4.449999999999999,10.0
t120,0.0,170.5410175581634,0.0,0.0,0.0,4.449999999999999,10.0
t121,0.0,170.5410175581634,0.0,0.0,0.0,4.449999999999999,10.0
t122,0.0,170.5410175581634,0.0,0.0,0.0,4.449999999999999,10.0
t123,0.0,170.5410175581634,0.0,0.0,0.0,4.449999999999999,10.0
t124,0.0,170.5410175581634,0.0,0.0,0.0,4.449999999999999,10.0
t125,0.0,170.5410175581634,0.0,0.0,0.0,4.449999999999999,10.0
t126,0.0,170.5410175581634,0.0,0.0,0.0,4.449999999999999,10.0
t127,0.0,170.5410175581634,0.0,0.0,0.0,4.449999999999999,10.0
t128,0.0,170.5410175581634,0.0,0.0,0.0,4.449999999999999,10.0
t129,0.0,0.0,0.0,0.0,0.0,4.004999999999999,5.625
t130,0.0,0.0,0.0,0.0,0.0,0.0,0.0
t131,0.0,0.0,0.0,0.0,0.0,0.0,0.0
t132,0.0,0.0,0.0,0.0,0.0,0.0,0.0
t133,0.0,0.0,0.0,0.0,0.0,0.0,0.0
t134,0.0,0.0,0.0,0.0,0.0,0.0,0.0
t135,0.0,0.0,0.0,0.0,0.0,0.0,0.0
t136,0.0,0.0,0.0,0.0,0.0,0.0,0.0
t137,0.0,0.0,0.0,0.0,0.0,2.5031250000000003,5.625
t138,0.0,158.1949404,0.0,0.0,0.0,4.449999999999999,10.0
t139,0.0,158.1949404,0.0,0.0,0.0,4.449999999999999,10.0
t140,0.0,158.1949404,0.0,0.0,0.0,4.449999999999999,10.0
t141,0.0,158.1949404,0.0,0.0,0.0,4.449999999999999,10.0
t142,0.0,158.1949404,0.0,0.0,0.0,4.449999999999999,10.0
t143,0.0,158.1949404,0.0,0.0,0.0,4.449999999999999,10.0
t144,0.0,158.1949404,0.0,0.0,0.0,4.449999999999999,10.0
t145,0.0,158.1949404,0.0,0.0,0.0,4.449999999999999,10.0
t146,0.0,158.1949404,0.0,0.0,0.0,4.449999999999999,10.0
t147,0.0,158.1949404,0.0,0.0,0.0,4.449999999999999,10.0
t148,0.0,158.1949404,0.0,0.0,0.0,4.449999999999999,10.0
t149,0.0,158.1949404,0.0,0.0,0.0,4.449999999999999,10.0
t150,0.0,158.1949404,0.0,0.0,0.0,4.449999999999999,10.0
t151,0.0,158.1949404,0.0,0.0,0.0,4.449999999999999,10.0
t152,0.0,158.1949404,0.0,0.0,0.0,4.449999999999999,10.0
t153,0.0,0.0,0.0,0.0,0.0,4.004999999999999,9.0
t154,0.0,0.0,0.0,0.0,0.0,0.0,0.0
t155,0.0,0.0,0.0,0.0,0.0,0.0,0.0
t156,0.0,0.0,0.0,0.0,0.0,0.0,0.0
t157,0.0,0.0,0.0,0.0,0.0,0.0,0.0
t158,0.0,0.0,0.0,0.0,0.0,0.0,0.0
t159,0.0,0.0,0.0,0.0,0.0,0.0,0.0
t160,0.0,0.0,0.0,0.0,0.0,2.5031250000000003,5.625
t161,0.0,46.77333598384537,0.0,0.0,0.0,4.449999999999999,10.0
t162,0.0,153.41244089999998,0.0,0.0,0.0,4.449999999999999,10.0
t163,0.0,153.41244089999998,0.0,0.0,0.0,4.449999999999999,10.0
t164,0.0,153.41244089999998,0.0,0.0,0.0,4.449999999999999,10.0
t165,0.0,153.41244089999998,0.0,0.0,0.0,4.449999999999999,10.0
t166,0.0,153.41244089999998,0.0,0.0,0.0,4.449999999999999,10.0
t167,0.0,153.41244089999998,0.0,0.0,0.0,4.449999999999999,10.0
t168,0.0,153.41244089999998,0.0,0.0,0.0,4.449999999999999,10.0
t169,0.0,170.5410175581634,0.0,0.0,0.0,4.449999999999999,10.0
t170,0.0,170.5410175581634,0.0,0.0,0.0,4.449999999999999,10.0
t171,0.0,170.5410175581634,0.0,0.0,0.0,4.449999999999999,10.0
t172,0.0,170.5410175581634,0.0,0.0,0.0,4.449999999999999,10.0
t173,0.0,170.5410175581634,0.0,0.0,0.0,4.449999999999999,10.0
t174,0.0,170.5410175581634,0.0,0.0,0.0,4.449999999999999,10.0
t175,0.0,170.5410175581634,0.0,0.0,0.0,4.449999999999999,10.0
t176,0.0,170.5410175581634,0.0,0.0,0.0,4.449999999999999,10.0
t177,0.0,0.0,0.0,0.0,0.0,4.004999999999999,8.999999999999998
t178,0.0,0.0,0.0,0.0,0.0,0.0,0.0
t179,0.0,0.0,0.0,0.0,0.0,0.0,0.0
t180,0.0,0.0,0.0,0.0,0.0,0.0,0.0
t181,0.0,0.0,0.0,0.0,0.0,0.0,0.0
t182,0.0,0.0,0.0,0.0,0.0,0.0,0.0
t183,0.0,0.0,0.0,0.0,0.0,0.0,0.0
t184,0.0,0.0,0.0,0.0,0.0,0.0,0.0
t185,0.0,0.0,0.0,0.0,0.0,2.5031250000000003,5.625
t186,0.0,170.5410175581634,0.0,0.0,0.0,4.449999999999999,10.0
t187,0.0,170.5410175581634,0.0,0.0,0.0,4.449999999999999,10.0
t188,0.0,170.5410175581634,0.0,0.0,0.0,4.449999999999999,10.0
t189,0.0,170.5410175581634,0.0,0.0,0.0,4.449999999999999,10.0
t190,0.0,170.5410175581634,0.0,0.0,0.0,4.449999999999999,10.0
t191,0.0,170.5410175581634,0.0,0.0,0.0,4.449999999999999,10.0
t192,0.0,170.5410175581634,0.0,0.0,0.0,4.449999999999999,10.0
t193,0.0,170.5410175581634,0.0,0.0,0.0,4.449999999999999,10.0
t194,0.0,170.5410175581634,0.0,0.0,0.0,4.449999999999999,10.0
t195,0.0,170.5410175581634,0.0,0.0,0.0,4.449999999999999,10.0
t196,0.0,170.5410175581634,0.0,0.0,0.0,4.449999999999999,10.0
t197,0.0,170.5410175581634,0.0,0.0,0.0,4.449999999999999,10.0
t198,0.0,170.5410175581634,0.0,0.0,0.0,4.449999999999999,10.0
t199,0.0,170.5410175581634,0.0,0.0,0.0,4.449999999999999,10.0
t200,0.0,170.5410175581634,0.0,0.0,0.0,4.449999999999999,10.0
t201,0.0,0.0,0.0,0.0,0.0,4.004999999999999,8.999999999999998
t202,0.0,0.0,0.0,0.0,0.0,0.0,0.0
t203,0.0,0.0,0.0,0.0,0.0,0.0,0.0
t204,0.0,0.0,0.0,0.0,0.0,0.0,0.0
t205,0.0,0.0,0.0,0.0,0.0,0.0,0.0
t206,0.0,0.0,0.0,0.0,0.0,0.0,0.0
t207,0.0,0.0,0.0,0.0,0.0,0.0,0.0
t208,0.0,0.0,0.0,0.0,0.0,0.0,0.0
t209,0.0,0.0,0.0,0.0,0.0,2.5031250000000003,5.625
t210,0.0,170.5410175581634,0.0,0.0,0.0,4.449999999999999,10.0
t211,0.0,170.5410175581634,0.0,0.0,0.0,4.449999999999999,10.0
t212,0.0,170.5410175581634,0.0,0.0,0.0,4.449999999999999,10.0
t213,0.0,170.5410175581634,0.0,0.0,0.0,4.449999999999999,10.0
t214,0.0,170.5410175581634,0.0,0.0,0.0,4.449999999999999,10.0
t215,0.0,170.5410175581634,0.0,0.0,0.0,4.449999999999999,10.0
t216,0.0,170.5410175581634,0.0,0.0,0.0,4.449999999999999,10.0
t217,0.0,170.5410175581634,0.0,0.0,0.0,4.449999999999999,10.0
t218,0.0,170.5410175581634,0.0,0.0,0.0,4.449999999999999,10.0
t219,0.0,170.5410175581634,0.0,0.0,0.0,4.449999999999999,10.0
t220,0.0,170.5410175581634,0.0,0.0,0.0,4.449999999999999,10.0
t221,0.0,170.5410175581634,0.0,0.0,0.0,4.449999999999999,10.0
t222,0.0,170.5410175581634,0.0,0.0,0.0,4.449999999999999,10.0
t223,0.0,170.5410175581634,0.0,0.0,0.0,4.449999999999999,10.0
t224,0.0,170.5410175581634,0.0,0.0,0.0,4.449999999999999,10.0
t225,0.0,0.0,0.0,0.0,0.0,4.004999999999999,8.999999999999998
t226,0.0,0.0,0.0,0.0,0.0,0.0,0.0
t227,0.0,0.0,0.0,0.0,0.0,0.0,0.0
t228,0.0,0.0,0.0,0.0,0.0,0.0,0.0
t229,0.0,0.0,0.0,0.0,0.0,0.0,0.0
t230,0.0,0.0,0.0,0.0,0.0,0.0,0.0
t231,0.0,0.0,0.0,0.0,0.0,0.0,0.0
t232,0.0,0.0,0.0,0.0,0.0,0.0,0.0
t233,0.0,0.0,0.0,0.0,0.0,2.5031250000000003,5.625
t234,0.0,165.69647344999998,0.0,0.0,0.0,4.449999999999999,10.0
t235,0.0,165.69647344999998,0.0,0.0,0.0,4.449999999999999,10.0
t236,0.0,165.69647344999998,0.0,0.0,0.0,4.449999999999999,10.0
t237,0.0,165.69647344999998,0.0,0.0,0.0,4.449999999999999,10.0
t238,0.0,165.69647344999998,0.0,0.0,0.0,4.449999999999999,10.0
t239,0.0,165.69647344999998,0.0,0.0,0.0,4.449999999999999,10.0
t240,0.0,165.69647344999998,0.0,0.0,0.0,4.449999999999999,10.0
t241,0.0,165.69647344999998,0.0,0.0,0.0,4.449999999999999,10.0
t242,0.0,165.69647344999998,0.0,0.0,0.0,4.449999999999999,10.0
t243,0.0,165.69647344999998,0.0,0.0,0.0,4.449999999999999,10.0
t244,0.0,165.69647344999998,0.0,0.0,0.0,4.449999999999999,10.0
t245,0.0,165.69647344999998,0.0,0.0,0.0,4.449999999999999,10.0
t246,0.0,165.69647344999998,0.0,0.0,0.0,4.449999999999999,10.0
t247,0.0,165.69647344999998,0.0,0.0,0.0,4.449999999999999,10.0
t248,0.0,165.69647344999998,0.0,0.0,0.0,4.449999999999999,10.0
t249,0.0,0.0,0.0,0.0,0.0,4.004999999999998,9.0
t250,0.0,0.0,0.0,0.0,0.0,0.0,0.0
t251,0.0,0.0,0.0,0.0,0.0,0.0,0.0
t252,0.0,0.0,0.0,0.0,0.0,0.0,0.0
t253,0.0,0.0,0.0,0.0,0.0,0.0,0.0
t254,0.0,0.0,0.0,0.0,0.0,0.0,0.0
t255,0.0,0.0,0.0,0.0,0.0,0.0,0.0
t256,0.0,0.0,0.0,0.0,0.0,0.0,0.0
t257,0.0,0.0,0.0,0.0,0.0,2.5031250000000003,5.625
t258,0.0,170.5410175581634,0.0,0.0,0.0,4.449999999999999,10.0
t259,0.0,170.5410175581634,0.0,0.0,0.0,4.449999999999999,10.0
t260,0.0,170.5410175581634,0.0,0.0,0.0,4.449999999999999,10.0
t261,0.0,170.5410175581634,0.0,0.0,0.0,4.449999999999999,10.0
t262,0.0,170.5410175581634,0.0,0.0,0.0,4.449999999999999,10.0
t263,0.0,170.5410175581634,0.0,0.0,0.0,4.449999999999999,10.0
t264,0.0,170.5410175581634,0.0,0.0,0.0,4.449999999999999,10.0
t265,0.0,170.5410175581634,0.0,0.0,0.0,4.449999999999999,10.0
t266,0.0,170.5410175581634,0.0,0.0,0.0,4.449999999999999,10.0
t267,0.0,170.5410175581634,0.0,0.0,0.0,4.449999999999999,10.0
t268,0.0,170.5410175581634,0.0,0.0,0.0,4.449999999999999,10.0
t269,0.0,170.5410175581634,0.0,0.0,0.0,4.449999999999999,10.0
t270,0.0,170.5410175581634,0.0,0.0,0.0,4.449999999999999,10.0
t271,0.0,170.5410175581634,0.0,0.0,0.0,4.449999999999999,10.0
t272,0.0,170.5410175581634,0.0,0.0,0.0,4.449999999999999,10.0
t273,0.0,0.0,0.0,0.0,0.0,4.004999999999999,8.999999999999998
t274,0.0,0.0,0.0,0.0,0.0,0.0,0.0
t275,0.0,0.0,0.0,0.0,0.0,0.0,0.0
t276,0.0,0.0,0.0,0.0,0.0,0.0,0.0
t277,0.0,0.0,0.0,0.0,0.0,0.0,0.0
t278,0.0,0.0,0.0,0.0,0.0,0.0,0.0
t279,0.0,0.0,0.0,0.0,0.0,0.0,0.0
t280,0.0,0.0,0.0,0.0,0.0,0.0,0.0
t281,0.0,0.0,0.0,0.0,0.0,2.5031250000000003,5.625
t282,0.0,170.5410175581634,0.0,0.0,0.0,4.449999999999999,10.0
t283,0.0,170.5410175581634,0.0,0.0,0.0,4.449999999999999,10.0
t284,0.0,170.5410175581634,0.0,0.0,0.0,4.449999999999999,10.0
t285,0.0,170.5410175581634,0.0,0.0,0.0,4.449999999999999,10.0
t286,0.0,170.5410175581634,0.0,0.0,0.0,4.449999999999999,10.0
t287,0.0,170.5410175581634,0.0,0.0,0.0,4.449999999999999,10.0
t288,0.0,170.5410175581634,0.0,0.0,0.0,4.449999999999999,10.0
t289,0.0,170.5410175581634,0.0,0.0,0.0,4.449999999999999,10.0
t290,0.0,170.5410175581634,0.0,0.0,0.0,4.449999999999999,10.0
t291,0.0,170.5410175581634,0.0,0.0,0.0,4.449999999999999,10.0
t292,0.0,170.5410175581634,0.0,0.0,0.0,4.449999999999999,10.0
t293,0.0,170.5410175581634,0.0,0.0,0.0,4.449999999999999,10.0
t294,0.0,170.5410175581634,0.0,0.0,0.0,4.449999999999999,10.0
t295,0.0,170.5410175581634,0.0,0.0,0.0,4.449999999999999,10.0
t296,0.0,170.5410175581634,0.0,0.0,0.0,4.449999999999999,10.0
t297,0.0,0.0,0.0,0.0,0.0,4.004999999999999,8.999999999999998
t298,0.0,0.0,0.0,0.0,0.0,0.0,0.0
t299,0.0,0.0,0.0,0.0,0.0,0.0,0.0
t300,0.0,0.0,0.0,0.0,0.0,0.0,0.0
t301,0.0,0.0,0.0,0.0,0.0,0.0,0.0
t302,0.0,0.0,0.0,0.0,0.0,0.0,0.0
t303,0.0,0.0,0.0,0.0,0.0,0.0,0.0
t304,0.0,0.0,0.0,0.0,0.0,0.0,0.0
t305,0.0,0.0,0.0,0.0,0.0,2.5031250000000003,5.625
t306,0.0,170.5410175581634,0.0,0.0,0.0,4.449999999999999,10.0
t307,0.0,170.5410175581634,0.0,0.0,0.0,4.449999999999999,10.0
t308,0.0,170.5410175581634,0.0,0.0,0.0,4.449999999999999,10.0
t309,0.0,170.5410175581634,0.0,0.0,0.0,4.449999999999999,10.0
t310,0.0,170.5410175581634,0.0,0.0,0.0,4.449999999999999,10.0
t311,0.0,170.5410175581634,0.0,0.0,0.0,4.449999999999999,10.0
t312,0.0,170.5410175581634,0.0,0.0,0.0,4.449999999999999,10.0
t313,0.0,170.5410175581634,0.0,0.0,0.0,4.449999999999999,10.0
t314,0.0,170.5410175581634,0.0,0.0,0.0,4.449999999999999,10.0
t315,0.0,170.5410175581634,0.0,0.0,0.0,4.449999999999999,10.0
t316,0.0,170.5410175581634,0.0,0.0,0.0,4.449999999999999,10.0
t317,0.0,170.5410175581634,0.0,0.0,0.0,4.449999999999999,10.0
t318,0.0,170.5410175581634,0.0,0.0,0.0,4.449999999999999,10.0
t319,0.0,170.5410175581634,0.0,0.0,0.0,4.449999999999999,10.0
t320,0.0,170.5410175581634,0.0,0.0,0.0,4.449999999999999,10.0
t321,0.0,0.0,0.0,0.0,0.0,4.004999999999999,8.999999999999998
t322,0.0,0.0,0.0,0.0,0.0,0.0,0.0
t323,0.0,0.0,0.0,0.0,0.0,0.0,0.0
t324,0.0,0.0,0.0,0.0,0.0,0.0,0.0
t325,0.0,0.0,0.0,0.0,0.0,0.0,0.0
t326,0.0,0.0,0.0,0.0,0.0,0.0,0.0
t327,0.0,0.0,0.0,0.0,0.0,0.0,0.0
t328,0.0,0.0,0.0,0.0,0.0,0.0,0.0
t329,0.0,0.0,0.0,0.0,0.0,2.5031250000000003,5.625
t330,0.0,170.5410175581634,0.0,0.0,0.0,4.449999999999999,10.0
t331,0.0,170.5410175581634,0.0,0.0,0.0,4.449999999999999,10.0
t332,0.0,170.5410175581634,0.0,0.0,0.0,4.449999999999999,10.0
t333,0.0,170.5410175581634,0.0,0.0,0.0,4.449999999999999,10.0
t334,0.0,170.5410175581634,0.0,0.0,0.0,4.449999999999999,10.0
t335,0.0,170.5410175581634,0.0,0.0,0.0,4.449999999999999,10.0
t336,0.0,170.5410175581634,0.0,0.0,0.0,4.449999999999999,10.0
t337,0.0,0.0,0.0,0.0,0.0,4.449999999999999,10.0
t338,0.0,0.0,0.0,0.0,0.0,4.449999999999999,10.0
t339,0.0,0.0,0.0,0.0,0.0,4.449999999999999,10.0
t340,0.0,0.0,0.0,0.0,0.0,4.449999999999999,10.0
t341,0.0,0.0,0.0,0.0,0.0,4.449999999999999,10.0
t342,0.0,0.0,0.0,0.0,0.0,4.449999999999999,10.0
t343,0.0,0.0,0.0,0.0,0.0,2.5031250000000003,8.999999999999998
t344,0.0,0.0,0.0,0.0,0.0,0.0,0.0
t345,0.0,0.0,0.0,0.0,0.0,0.0,0.0
t346,0.0,0.0,0.0,0.0,0.0,0.0,0.0
t347,0.0,0.0,0.0,0.0,0.0,0.0,0.0
t348,0.0,0.0,0.0,0.0,0.0,0.0,0.0
t349,0.0,0.0,0.0,0.0,0.0,0.0,0.0
t350,0.0,0.0,0.0,0.0,0.0,0.0,0.0
t351,0.0,0.0,0.0,0.0,0.0,0.0,0.0
t352,0.0,0.0,0.0,0.0,0.0,0.0,0.0
t353,0.0,0.0,0.0,0.0,0.0,0.0,0.0
t354,0.0,0.0,0.0,0.0,0.0,2.5031250000000003,5.625
t355,0.0,0.0,0.0,0.0,0.0,4.449999999999999,10.0
t356,0.0,0.0,0.0,0.0,0.0,4.449999999999999,10.0
t357,0.0,0.0,0.0,0.0,0.0,4.449999999999999,10.0
t358,0.0,0.0,0.0,0.0,0.0,4.449999999999999,10.0
t359,0.0,0.0,0.0,0.0,0.0,4.449999999999999,10.0
t360,0.0,0.0,0.0,0.0,0.0,4.449999999999999,10.0
t361,0.0,0.0,0.0,0.0,0.0,4.449999999999999,10.0
t362,0.0,0.0,0.0,0.0,0.0,4.449999999999999,10.0
t363,0.0,0.0,0.0,0.0,0.0,4.449999999999999,10.0
t364,0.0,0.0,0.0,0.0,0.0,4.449999999999999,10.0
t365,0.0,0.0,0.0,0.0,0.0,4.449999999999999,10.0
t366,0.0,0.0,0.0,0.0,0.0,4.449999999999999,10.0
t367,0.0,0.0,0.0,0.0,0.0,2.5031250000000003,9.0
t368,0.0,0.0,0.0,0.0,0.0,0.0,0.0
t369,0.0,0.0,0.0,0.0,0.0,0.0,0.0
t370,0.0,0.0,0.0,0.0,0.0,0.0,0.0
t371,0.0,0.0,0.0,0.0,0.0,0.0,0.0
t372,0.0,0.0,0.0,0.0,0.0,0.0,0.0
t373,0.0,0.0,0.0,0.0,0.0,0.0,0.0
t374,0.0,0.0,0.0,0.0,0.0,0.0,0.0
t375,0.0,0.0,0.0,0.0,0.0,0.0,0.0
t376,0.0,0.0,0.0,0.0,0.0,0.0,0.0
t377,0.0,0.0,0.0,0.0,0.0,0.0,0.0
t378,0.0,0.0,0.0,0.0,0.0,2.5031250000000003,5.625
t379,0.0,0.0,0.0,0.0,0.0,4.449999999999999,10.0
t380,0.0,0.0,0.0,0.0,0.0,4.449999999999999,10.0
t381,0.0,0.0,0.0,0.0,0.0,4.449999999999999,10.0
t382,0.0,0.0,0.0,0.0,0.0,4.449999999999999,10.0
t383,0.0,0.0,0.0,0.0,0.0,4.449999999999999,10.0
t384,0.0,0.0,0.0,0.0,0.0,4.449999999999999,10.0
t385,0.0,0.0,0.0,0.0,0.0,4.449999999999999,10.0
t386,0.0,0.0,0.0,0.0,0.0,4.449999999999999,10.0
t387,0.0,0.0,0.0,0.0,0.0,4.449999999999999,10.0
t388,0.0,0.0,0.0,0.0,0.0,4.449999999999999,10.0
t389,0.0,0.0,0.0,0.0,0.0,4.449999999999999,10.0
t390,0.0,0.0,0.0,0.0,0.0,4.449999999999999,10.0
t391,0.0,0.0,0.0,0.0,0.0,2.5031250000000003,9.0
t392,0.0,0.0,0.0,0.0,0.0,0.0,0.0
t393,0.0,0.0,0.0,0.0,0.0,0.0,0.0
t394,0.0,0.0,0.0,0.0,0.0,0.0,0.0
t395,0.0,0.0,0.0,0.0,0.0,0.0,0.0
t396,0.0,0.0,0.0,0.0,0.0,0.0,0.0
t397,0.0,0.0,0.0,0.0,0.0,0.0,0.0
t398,0.0,0.0,0.0,0.0,0.0,0.0,0.0
t399,0.0,0.0,0.0,0.0,0.0,0.0,0.0
t400,0.0,0.0,0.0,0.0,0.0,0.0,0.0
t401,0.0,0.0,0.0,0.0,0.0,0.0,0.0
t402,0.0,0.0,0.0,0.0,0.0,2.5031250000000003,5.625
t403,0.0,0.0,0.0,0.0,0.0,4.449999999999999,10.0
t404,0.0,0.0,0.0,0.0,0.0,4.449999999999999,10.0
t405,0.0,0.0,0.0,0.0,0.0,4.449999999999999,10.0
t406,0.0,0.0,0.0,0.0,0.0,4.449999999999999,10.0
t407,0.0,0.0,0.0,0.0,0.0,4.449999999999999,10.0
t408,0.0,0.0,0.0,0.0,0.0,4.449999999999999,10.0
t409,0.0,0.0,0.0,0.0,0.0,4.449999999999999,10.0
t410,0.0,0.0,0.0,0.0,0.0,4.449999999999999,10.0
t411,0.0,0.0,0.0,0.0,0.0,4.449999999999999,10.0
t412,0.0,0.0,0.0,0.0,0.0,4.449999999999999,10.0
t413,0.0,0.0,0.0,0.0,0.0,4.449999999999999,10.0
t414,0.0,0.0,0.0,0.0,0.0,4.449999999999999,10.0
t415,0.0,0.0,0.0,0.0,0.0,2.5031250000000003,8.999999999999998
t416,0.0,0.0,0.0,0.0,0.0,0.0,0.0
t417,0.0,0.0,0.0,0.0,0.0,0.0,0.0
t418,0.0,0.0,0.0,0.0,0.0,0.0,0.0
t419,0.0,0.0,0.0,0.0,0.0,0.0,0.0
t420,0.0,0.0,0.0,0.0,0.0,0.0,0.0
t421,0.0,0.0,0.0,0.0,0.0,0.0,0.0
t422,0.0,0.0,0.0,0.0,0.0,0.0,0.0
t423,0.0,0.0,0.0,0.0,0.0,0.0,0.0
t424,0.0,0.0,0.0,0.0,0.0,0.0,0.0
t425,0.0,0.0,0.0,0.0,0.0,0.0,0.0
t426,0.0,0.0,0.0,0.0,0.0,2.5031250000000003,5.625
t427,0.0,0.0,0.0,0.0,0.0,4.449999999999999,10.0
t428,0.0,0.0,0.0,0.0,0.0,4.449999999999999,10.0
t429,0.0,0.0,0.0,0.0,0.0,4.449999999999999,10.0
t430,0.0,0.0,0.0,0.0,0.0,4.449999999999999,10.0
t431,0.0,0.0,0.0,0.0,0.0,4.449999999999999,10.0
t432,0.0,0.0,0.0,0.0,0.0,4.449999999999999,10.0
t433,0.0,0.0,0.0,0.0,0.0,4.449999999999999,10.0
t434,0.0,0.0,0.0,0.0,0.0,4.449999999999999,10.0
t435,0.0,0.0,0.0,0.0,0.0,4.449999999999999,10.0
t436,0.0,0.0,0.0,0.0,0.0,4.449999999999999,10.0
t437,0.0,0.0,0.0,0.0,0.0,4.449999999999999,10.0
t438,0.0,0.0,0.0,0.0,0.0,4.449999999999999,10.0
t439,0.0,0.0,0.0,0.0,0.0,2.5031250000000003,8.999999999999998
t440,0.0,0.0,0.0,0.0,0.0,0.0,0.0
t441,0.0,0.0,0.0,0.0,0.0,0.0,0.0
t442,0.0,0.0,0.0,0.0,0.0,0.0,0.0
t443,0.0,0.0,0.0,0.0,0.0,0.0,0.0
t444,0.0,0.0,0.0,0.0,0.0,0.0,0.0
t445,0.0,0.0,0.0,0.0,0.0,0.0,0.0
t446,0.0,0.0,0.0,0.0,0.0,0.0,0.0
t447,0.0,0.0,0.0,0.0,0.0,0.0,0.0
t448,0.0,0.0,0.0,0.0,0.0,0.0,0.0
t449,0.0,0.0,0.0,0.0,0.0,0.0,0.0
t450,0.0,0.0,0.0,0.0,0.0,0.0,0.0
t451,0.0,0.0,0.0,0.0,0.0,2.5031250000000003,5.625
t452,0.0,0.0,0.0,0.0,0.0,4.449999999999999,10.0
t453,0.0,0.0,0.0,0.0,0.0,4.449999999999999,10.0
t454,0.0,0.0,0.0,0.0,0.0,4.449999999999999,10.0
t455,0.0,0.0,0.0,0.0,0.0,4.449999999999999,10.0
t456,0.0,0.0,0.0,0.0,0.0,4.449999999999999,10.0
t457,0.0,0.0,0.0,0.0,0.0,4.449999999999999,10.0
t458,0.0,0.0,0.0,0.0,0.0,4.449999999999999,10.0
t459,0.0,0.0,0.0,0.0,0.0,4.449999999999999,10.0
t460,0.0,0.0,0.0,0.0,0.0,4.449999999999999,10.0
t461,0.0,0.0,0.0,0.0,0.0,4.449999999999999,10.0
t462,0.0,0.0,0.0,0.0,0.0,4.449999999999999,10.0
t463,0.0,0.0,0.0,0.0,0.0,2.5031250000000003,8.999999999999998
t464,0.0,0.0,0.0,0.0,0.0,0.0,0.0
t465,0.0,0.0,0.0,0.0,0.0,0.0,0.0
t466,0.0,0.0,0.0,0.0,0.0,0.0,0.0
t467,0.0,0.0,0.0,0.0,0.0,0.0,0.0
t468,0.0,0.0,0.0,0.0,0.0,0.0,0.0
t469,0.0,0.0,0.0,0.0,0.0,0.0,0.0
t470,0.0,0.0,0.0,0.0,0.0,0.0,0.0
t471,0.0,0.0,0.0,0.0,0.0,0.0,0.0
t472,0.0,0.0,0.0,0.0,0.0,0.0,0.0
t473,0.0,0.0,0.0,0.0,0.0,0.0,0.0
t474,0.0,0.0,0.0,0.0,0.0,0.0,0.0
t475,0.0,0.0,0.0,0.0,0.0,2.5031250000000003,5.625
t476,0.0,0.0,0.0,0.0,0.0,4.449999999999999,10.0
t477,0.0,0.0,0.0,0.0,0.0,4.449999999999999,10.0
t478,0.0,0.0,0.0,0.0,0.0,4.449999999999999,10.0
t479,0.0,0.0,0.0,0.0,0.0,4.449999999999999,10.0
t480,0.0,0.0,0.0,0.0,0.0,4.449999999999999,10.0
t481,0.0,0.0,0.0,0.0,0.0,4.449999999999999,10.0
t482,0.0,0.0,0.0,0.0,0.0,4.449999999999999,10.0
t483,0.0,0.0,0.0,0.0,0.0,4.449999999999999,10.0
t484,0.0,0.0,0.0,0.0,0.0,4.449999999999999,10.0
t485,0.0,0.0,0.0,0.0,0.0,4.449999999999999,10.0
t486,0.0,0.0,0.0,0.0,0.0,4.449999999999999,10.0
t487,0.0,0.0,0.0,0.0,0.0,2.5031250000000003,8.999999999999998
t488,0.0,0.0,0.0,0.0,0.0,0.0,0.0
t489,0.0,0.0,0.0,0.0,0.0,0.0,0.0
t490,0.0,0.0,0.0,0.0,0.0,0.0,0.0
t491,0.0,0.0,0.0,0.0,0.0,0.0,0.0
t492,0.0,0.0,0.0,0.0,0.0,0.0,0.0
t493,0.0,0.0,0.0,0.0,0.0,0.0,0.0
t494,0.0,0.0,0.0,0.0,0.0,0.0,0.0
t495,0.0,0.0,0.0,0.0,0.0,0.0,0.0
t496,0.0,0.0,0.0,0.0,0.0,0.0,0.0
t497,0.0,0.0,0.0,0.0,0.0,0.0,0.0
t498,0.0,0.0,0.0,0.0,0.0,2.5031250000000003,5.625
t499,0.0,0.0,0.0,0.0,0.0,4.449999999999999,10.0
t500,0.0,0.0,0.0,0.0,0.0,4.449999999999999,10.0
t501,0.0,0.0,0.0,0.0,0.0,4.449999999999999,10.0
t502,0.0,0.0,0.0,0.0,0.0,4.449999999999999,10.0
t503,0.0,0.0,0.0,0.0,0.0,4.449999999999999,10.0
t504,0.0,0.0,0.0,0.0,0.0,4.449999999999999,10.0
t505,0.0,0.0,0.0,0.0,0.0,4.449999999999999,10.0
t506,0.0,0.0,0.0,0.0,0.0,4.449999999999999,10.0
t507,0.0,0.0,0.0,0.0,0.0,4.449999999999999,10.0
t508,0.0,0.0,0.0,0.0,0.0,4.449999999999999,10.0
t509,0.0,0.0,0.0,0.0,0.0,4.449999999999999,10.0
t510,0.0,0.0,0.0,0.0,0.0,4.449999999999999,10.0
t511,0.0,0.0,0.0,0.0,0.0,2.5031250000000003,8.999999999999998
t512,0.0,0.0,0.0,0.0,0.0,0.0,0.0
t513,0.0,0.0,0.0,0.0,0.0,0.0,0.0
t514,0.0,0.0,0.0,0.0,0.0,0.0,0.0
t515,0.0,0.0,0.0,0.0,0.0,0.0,0.0
t516,0.0,0.0,0.0,0.0,0.0,0.0,0.0
t517,0.0,0.0,0.0,0.0,0.0,0.0,0.0
t518,0.0,0.0,0.0,0.0,0.0,0.0,0.0
t519,0.0,0.0,0.0,0.0,0.0,0.0,0.0
t520,0.0,0.0,0.0,0.0,0.0,0.0,0.0
t521,0.0,0.0,0.0,0.0,0.0,0.0,0.0
t522,0.0,0.0,0.0,0.0,0.0,0.0,0.0
t523,0.0,0.0,0.0,0.0,0.0,2.5031250000000003,5.625
t524,0.0,0.0,0.0,0.0,0.0,4.449999999999999,10.0
t525,0.0,0.0,0.0,0.0,0.0,4.449999999999999,10.0
t526,0.0,0.0,0.0,0.0,0.0,4.449999999999999,10.0
t527,0.0,0.0,0.0,0.0,0.0,4.449999999999999,10.0
t528,0.0,0.0,0.0,0.0,0.0,4.449999999999999,10.0
t529,0.0,0.0,0.0,0.0,0.0,4.449999999999999,10.0
t530,0.0,0.0,0.0,0.0,0.0,4.449999999999999,10.0
t531,0.0,0.0,0.0,0.0,0.0,4.449999999999999,10.0
t532,0.0,0.0,0.0,0.0,0.0,4.449999999999999,10.0
t533,0.0,0.0,0.0,0.0,0.0,4.449999999999999,10.0
t534,0.0,0.0,0.0,0.0,0.0,4.449999999999999,10.0
t535,0.0,0.0,0.0,0.0,0.0,2.5031250000000003,8.999999999999998
t536,0.0,0.0,0.0,0.0,0.0,0.0,0.0
t537,0.0,0.0,0.0,0.0,0.0,0.0,0.0
t538,0.0,0.0,0.0,0.0,0.0,0.0,0.0
t539,0.0,0.0,0.0,0.0,0.0,0.0,0.0
t540,0.0,0.0,0.0,0.0,0.0,0.0,0.0
t541,0.0,0.0,0.0,0.0,0.0,0.0,0.0
t542,0.0,0.0,0.0,0.0,0.0,0.0,0.0
t543,0.0,0.0,0.0,0.0,0.0,0.0,0.0
t544,0.0,0.0,0.0,0.0,0.0,0.0,0.0
t545,0.0,0.0,0.0,0.0,0.0,0.0,0.0
t546,0.0,0.0,0.0,0.0,0.0,2.5031250000000003,5.625
t547,0.0,0.0,0.0,0.0,0.0,4.449999999999999,10.0
t548,0.0,0.0,0.0,0.0,0.0,4.449999999999999,10.0
t549,0.0,0.0,0.0,0.0,0.0,4.449999999999999,10.0
t550,0.0,0.0,0.0,0.0,0.0,4.449999999999999,10.0
t551,0.0,0.0,0.0,0.0,0.0,4.449999999999999,10.0
t552,0.0,0.0,0.0,0.0,0.0,4.449999999999999,10.0
t553,0.0,0.0,0.0,0.0,0.0,4.449999999999999,10.0
t554,0.0,0.0,0.0,0.0,0.0,4.449999999999999,10.0
t555,0.0,0.0,0.0,0.0,0.0,4.449999999999999,10.0
t556,0.0,0.0,0.0,0.0,0.0,4.449999999999999,10.0
t557,0.0,0.0,0.0,0.0,0.0,4.449999999999999,10.0
t558,0.0,0.0,0.0,0.0,0.0,4.449999999999999,10.0
t559,0.0,0.0,0.0,0.0,0.0,4.004999999999999,8.999999999999998
t560,0.0,0.0,0.0,0.0,0.0,0.0,0.0
t561,0.0,0.0,0.0,0.0,0.0,0.0,0.0
t562,0.0,0.0,0.0,0.0,0.0,0.0,0.0
t563,0.0,0.0,0.0,0.0,0.0,0.0,0.0
t564,0.0,0.0,0.0,0.0,0.0,0.0,0.0
t565,0.0,0.0,0.0,0.0,0.0,0.0,0.0
t566,0.0,0.0,0.0,0.0,0.0,0.0,0.0
t567,0.0,0.0,0.0,0.0,0.0,0.0,0.0
t568,0.0,0.0,0.0,0.0,0.0,0.0,0.0
t569,0.0,0.0,0.0,0.0,0.0,0.0,0.0
t570,0.0,0.0,0.0,0.0,0.0,0.0,0.0
t571,0.0,0.0,0.0,0.0,0.0,2.5031250000000003,5.625
t572,0.0,0.0,0.0,0.0,0.0,4.449999999999999,10.0
t573,0.0,0.0,0.0,0.0,0.0,4.449999999999999,10.0
t574,0.0,0.0,0.0,0.0,0.0,4.449999999999999,10.0
t575,0.0,0.0,0.0,0.0,0.0,4.449999999999999,10.0
t576,0.0,0.0,0.0,0.0,0.0,4.449999999999999,10.0
t577,0.0,0.0,0.0,0.0,0.0,4.449999999999999,10.0
t578,0.0,0.0,0.0,0.0,0.0,4.449999999999999,10.0
t579,0.0,0.0,0.0,0.0,0.0,4.449999999999999,10.0
t580,0.0,0.0,0.0,0.0,0.0,4.449999999999999,10.0
t581,0.0,0.0,0.0,0.0,0.0,4.449999999999999,10.0
t582,0.0,0.0,0.0,0.0,0.0,4.004999999999999,8.999999999999998
t583,0.0,0.0,0.0,0.0,0.0,0.0,0.0
t584,0.0,0.0,0.0,0.0,0.0,0.0,0.0
t585,0.0,0.0,0.0,0.0,0.0,0.0,0.0
t586,0.0,0.0,0.0,0.0,0.0,0.0,0.0
t587,0.0,0.0,0.0,0.0,0.0,0.0,0.0
t588,0.0,0.0,0.0,0.0,0.0,0.0,0.0
t589,0.0,0.0,0.0,0.0,0.0,0.0,0.0
t590,0.0,0.0,0.0,0.0,0.0,0.0,0.0
t591,0.0,0.0,0.0,0.0,0.0,0.0,0.0
t592,0.0,0.0,0.0,0.0,0.0,0.0,0.0
t593,0.0,0.0,0.0,0.0,0.0,0.0,0.0
t594,0.0,0.0,0.0,0.0,0.0,0.0,0.0
t595,0.0,0.0,0.0,0.0,0.0,2.5031250000000003,5.625
t596,0.0,0.0,0.0,0.0,0.0,4.449999999999999,10.0
t597,0.0,0.0,0.0,0.0,0.0,4.449999999999999,10.0
t598,0.0,0.0,0.0,0.0,0.0,4.449999999999999,10.0
t599,0.0,0.0,0.0,0.0,0.0,4.449999999999999,10.0
t600,0.0,0.0,0.0,0.0,0.0,4.449999999999999,10.0
t601,0.0,0.0,0.0,0.0,0.0,4.449999999999999,10.0
t602,0.0,0.0,0.0,0.0,0.0,4.449999999999999,10.0
t603,0.0,0.0,0.0,0.0,0.0,4.449999999999999,10.0
t604,0.0,0.0,0.0,0.0,0.0,4.449999999999999,10.0
t605,0.0,0.0,0.0,0.0,0.0,4.449999999999999,10.0
t606,0.0,0.0,0.0,0.0,0.0,4.004999999999999,8.999999999999998
t607,0.0,0.0,0.0,0.0,0.0,0.0,0.0
t608,0.0,0.0,0.0,0.0,0.0,0.0,0.0
t609,0.0,0.0,0.0,0.0,0.0,0.0,0.0
t610,0.0,0.0,0.0,0.0,0.0,0.0,0.0
t611,0.0,0.0,0.0,0.0,0.0,0.0,0.0
t612,0.0,0.0,0.0,0.0,0.0,0.0,0.0
t613,0.0,0.0,0.0,0.0,0.0,0.0,0.0
t614,0.0,0.0,0.0,0.0,0.0,0.0,0.0
t615,0.0,0.0,0.0,0.0,0.0,0.0,0.0
t616,0.0,0.0,0.0,0.0,0.0,0.0,0.0
t617,0.0,0.0,0.0,0.0,0.0,0.0,0.0
t618,0.0,0.0,0.0,0.0,0.0,0.0,0.0
t619,0.0,0.0,0.0,0.0,0.0,2.5031250000000003,5.625
t620,0.0,0.0,0.0,0.0,0.0,4.449999999999999,10.0
t621,0.0,0.0,0.0,0.0,0.0,4.449999999999999,10.0
t622,0.0,0.0,0.0,0.0,0.0,4.449999999999999,10.0
t623,0.0,0.0,0.0,0.0,0.0,4.449999999999999,10.0
t624,0.0,0.0,0.0,0.0,0.0,4.449999999999999,10.0
t625,0.0,0.0,0.0,0.0,0.0,4.449999999999999,10.0
t626,0.0,0.0,0.0,0.0,0.0,4.449999999999999,10.0
t627,0.0,0.0,0.0,0.0,0.0,4.449999999999999,10.0
t628,0.0,0.0,0.0,0.0,0.0,4.449999999999999,10.0
t629,0.0,0.0,0.0,0.0,0.0,4.449999999999999,10.0
t630,0.0,0.0,0.0,0.0,0.0,4.004999999999999,8.999999999999998
t631,0.0,0.0,0.0,0.0,0.0,0.0,0.0
t632,0.0,0.0,0.0,0.0,0.0,0.0,0.0
t633,0.0,0.0,0.0,0.0,0.0,0.0,0.0
t634,0.0,0.0,0.0,0.0,0.0,0.0,0.0
t635,0.0,0.0,0.0,0.0,0.0,0.0,0.0
t636,0.0,0.0,0.0,0.0,0.0,0.0,0.0
t637,0.0,0.0,0.0,0.0,0.0,0.0,0.0
t638,0.0,0.0,0.0,0.0,0.0,0.0,0.0
t639,0.0,0.0,0.0,0.0,0.0,0.0,0.0
t640,0.0,0.0,0.0,0.0,0.0,0.0,0.0
t641,0.0,0.0,0.0,0.0,0.0,0.0,0.0
t642,0.0,0.0,0.0,0.0,0.0,0.0,0.0
t643,0.0,0.0,0.0,0.0,0.0,2.5031250000000003,5.625
t644,0.0,0.0,0.0,0.0,0.0,4.449999999999999,10.0
t645,0.0,0.0,0.0,0.0,0.0,4.449999999999999,10.0
t646,0.0,0.0,0.0,0.0,0.0,4.449999999999999,10.0
t647,0.0,0.0,0.0,0.0,0.0,4.449999999999999,10.0
t648,0.0,0.0,0.0,0.0,0.0,4.449999999999999,10.0
t649,0.0,0.0,0.0,0.0,0.0,4.449999999999999,10.0
t650,0.0,0.0,0.0,0.0,0.0,4.449999999999999,10.0
t651,0.0,0.0,0.0,0.0,0.0,4.449999999999999,10.0
t652,0.0,0.0,0.0,0.0,0.0,4.449999999999999,10.0
t653,0.0,0.0,0.0,0.0,0.0,4.449999999999999,10.0
t654,0.0,0.0,0.0,0.0,0.0,4.004999999999999,8.999999999999998
t655,0.0,0.0,0.0,0.0,0.0,0.0,0.0
t656,0.0,0.0,0.0,0.0,0.0,0.0,0.0
t657,0.0,0.0,0.0,0.0,0.0,0.0,0.0
t658,0.0,0.0,0.0,0.0,0.0,0.0,0.0
t659,0.0,0.0,0.0,0.0,0.0,0.0,0.0
t660,0.0,0.0,0.0,0.0,0.0,0.0,0.0
t661,0.0,0.0,0.0,0.0,0.0,0.0,0.0
t662,0.0,0.0,0.0,0.0,0.0,0.0,0.0
t663,0.0,0.0,0.0,0.0,0.0,0.0,0.0
t664,0.0,0.0,0.0,0.0,0.0,0.0,0.0
t665,0.0,0.0,0.0,0.0,0.0,0.0,0.0
t666,0.0,0.0,0.0,0.0,0.0,0.0,0.0
t667,0.0,0.0,0.0,0.0,0.0,2.5031250000000003,5.625
t668,0.0,0.0,0.0,0.0,0.0,4.449999999999999,10.0
t669,0.0,0.0,0.0,0.0,0.0,4.449999999999999,10.0
t670,0.0,0.0,0.0,0.0,0.0,4.449999999999999,10.0
t671,0.0,0.0,0.0,0.0,0.0,4.449999999999999,10.0
t672,0.0,0.0,0.0,0.0,0.0,4.449999999999999,10.0
t673,0.0,0.0,0.0,0.0,0.0,4.449999999999999,10.0
t674,0.0,0.0,0.0,0.0,0.0,4.449999999999999,10.0
t675,0.0,0.0,0.0,0.0,0.0,4.449999999999999,10.0
t676,0.0,0.0,0.0,0.0,0.0,4.449999999999999,10.0
t677,0.0,0.0,0.0,0.0,0.0,4.449999999999999,10.0
t678,0.0,0.0,0.0,0.0,0.0,4.004999999999999,8.999999999999998
t679,0.0,0.0,0.0,0.0,0.0,0.0,0.0
t680,0.0,0.0,0.0,0.0,0.0,0.0,0.0
t681,0.0,0.0,0.0,0.0,0.0,0.0,0.0
t682,0.0,0.0,0.0,0.0,0.0,0.0,0.0
t683,0.0,0.0,0.0,0.0,0.0,0.0,0.0
t684,0.0,0.0,0.0,0.0,0.0,0.0,0.0
t685,0.0,0.0,0.0,0.0,0.0,0.0,0.0
t686,0.0,0.0,0.0,0.0,0.0,0.0,0.0
t687,0.0,0.0,0.0,0.0,0.0,0.0,0.0
t688,0.0,0.0,0.0,0.0,0.0,0.0,0.0
t689,0.0,0.0,0.0,0.0,0.0,0.0,0.0
t690,0.0,0.0,0.0,0.0,0.0,0.0,0.0
t691,0.0,0.0,0.0,0.0,0.0,2.5031250000000003,5.625
t692,0.0,0.0,0.0,0.0,0.0,4.449999999999999,10.0
t693,0.0,0.0,0.0,0.0,0.0,4.449999999999999,10.0
t694,0.0,0.0,0.0,0.0,0.0,4.449999999999999,10.0
t695,0.0,0.0,0.0,0.0,0.0,4.449999999999999,10.0
t696,0.0,0.0,0.0,0.0,0.0,4.449999999999999,10.0
t697,0.0,0.0,0.0,0.0,0.0,4.449999999999999,10.0
t698,0.0,0.0,0.0,0.0,0.0,4.449999999999999,10.0
t699,0.0,0.0,0.0,0.0,0.0,4.449999999999999,10.0
t700,0.0,0.0,0.0,0.0,0.0,4.449999999999999,10.0
t701,0.0,0.0,0.0,0.0,0.0,4.449999999999999,10.0
t702,0.0,0.0,0.0,0.0,0.0,4.004999999999999,8.999999999999998
t703,0.0,0.0,0.0,0.0,0.0,0.0,0.0
t704,0.0,0.0,0.0,0.0,0.0,0.0,0.0
t705,0.0,0.0,0.0,0.0,0.0,0.0,0.0
t706,0.0,0.0,0.0,0.0,0.0,0.0,0.0
t707,0.0,0.0,0.0,0.0,0.0,0.0,0.0
t708,0.0,0.0,0.0,0.0,0.0,0.0,0.0
t709,0.0,0.0,0.0,0.0,0.0,0.0,0.0
t710,0.0,0.0,0.0,0.0,0.0,0.0,0.0
t711,0.0,0.0,0.0,0.0,0.0,0.0,0.0
t712,0.0,0.0,0.0,0.0,0.0,0.0,0.0
t713,0.0,0.0,0.0,0.0,0.0,0.0,0.0
t714,0.0,0.0,0.0,0.0,0.0,0.0,0.0
t715,0.0,0.0,0.0,0.0,0.0,2.5031250000000003,5.625
t716,0.0,0.0,0.0,0.0,0.0,4.449999999999999,10.0
t717,0.0,0.0,0.0,0.0,0.0,4.449999999999999,10.0
t718,0.0,0.0,0.0,0.0,0.0,4.449999999999999,10.0
t719,0.0,0.0,0.0,0.0,0.0,4.449999999999999,10.0
t720,0.0,0.0,0.0,0.0,0.0,4.449999999999999,10.0
t721,0.0,0.0,0.0,0.0,0.0,4.449999999999999,10.0
t722,0.0,0.0,0.0,0.0,0.0,4.449999999999999,10.0
t723,0.0,0.0,0.0,0.0,0.0,4.449999999999999,10.0
t724,0.0,0.0,0.0,0.0,0.0,4.449999999999999,10.0
t725,0.0,0.0,0.0,0.0,0.0,4.449999999999999,10.0
t726,0.0,0.0,0.0,0.0,0.0,4.004999999999999,8.999999999999998
t727,0.0,0.0,0.0,0.0,0.0,0.0,0.0
t728,0.0,0.0,0.0,0.0,0.0,0.0,0.0
t729,0.0,0.0,0.0,0.0,0.0,0.0,0.0
t730,0.0,0.0,0.0,0.0,0.0,0.0,0.0
t731,0.0,0.0,0.0,0.0,0.0,0.0,0.0
t732,0.0,0.0,0.0,0.0,0.0,0.0,0.0
t733,0.0,0.0,0.0,0.0,0.0,0.0,0.0
t734,0.0,0.0,0.0,0.0,0.0,0.0,0.0
t735,0.0,0.0,0.0,0.0,0.0,0.0,0.0
t736,0.0,0.0,0.0,0.0,0.0,0.0,0.0
t737,0.0,0.0,0.0,0.0,0.0,0.0,0.0
t738,0.0,0.0,0.0,0.0,0.0,0.0,0.0
t739,0.0,0.0,0.0,0.0,0.0,2.5031250000000003,5.625
t740,0.0,0.0,0.0,0.0,0.0,4.449999999999999,10.0
t741,0.0,0.0,0.0,0.0,0.0,4.449999999999999,10.0
t742,0.0,0.0,0.0,0.0,0.0,4.449999999999999,10.0
t743,0.0,0.0,0.0,0.0,0.0,4.449999999999999,10.0
t744,0.0,0.0,0.0,0.0,0.0,4.449999999999999,10.0
t745,0.0,0.0,0.0,0.0,0.0,4.449999999999999,10.0
t746,0.0,0.0,0.0,0.0,0.0,4.449999999999999,10.0
t747,0.0,0.0,0.0,0.0,0.0,4.449999999999999,10.0
t748,0.0,0.0,0.0,0.0,0.0,4.449999999999999,10.0
t749,0.0,0.0,0.0,0.0,0.0,4.449999999999999,10.0
t750,0.0,0.0,0.0,0.0,0.0,4.004999999999999,8.999999999999998
t751,0.0,0.0,0.0,0.0,0.0,0.0,0.0
t752,0.0,0.0,0.0,0.0,0.0,0.0,0.0
t753,0.0,0.0,0.0,0.0,0.0,0.0,0.0
t754,0.0,0.0,0.0,0.0,0.0,0.0,0.0
t755,0.0,0.0,0.0,0.0,0.0,0.0,0.0
t756,0.0,0.0,0.0,0.0,0.0,0.0,0.0
t757,0.0,0.0,0.0,0.0,0.0,0.0,0.0
t758,0.0,0.0,0.0,0.0,0.0,0.0,0.0
t759,0.0,0.0,0.0,0.0,0.0,0.0,0.0
t760,0.0,0.0,0.0,0.0,0.0,0.0,0.0
t761,0.0,0.0,0.0,0.0,0.0,0.0,0.0
t762,0.0,0.0,0.0,0.0,0.0,0.0,0.0
t763,0.0,0.0,0.0,0.0,0.0,2.5031250000000003,5.625
t764,0.0,0.0,0.0,0.0,0.0,4.449999999999999,10.0
t765,0.0,0.0,0.0,0.0,0.0,4.449999999999999,10.0
t766,0.0,0.0,0.0,0.0,0.0,4.449999999999999,10.0
t767,0.0,0.0,0.0,0.0,0.0,4.449999999999999,10.0
t768,0.0,0.0,0.0,0.0,0.0,4.449999999999999,10.0
t769,0.0,0.0,0.0,0.0,0.0,4.449999999999999,10.0
t770,0.0,0.0,0.0,0.0,0.0,4.449999999999999,10.0
t771,0.0,0.0,0.0,0.0,0.0,4.449999999999999,10.0
t772,0.0,0.0,0.0,0.0,0.0,4.449999999999999,10.0
t773,0.0,0.0,0.0,0.0,0.0,4.449999999999999,10.0
t774,0.0,0.0,0.0,0.0,0.0,4.004999999999999,8.999999999999998
t775,0.0,0.0,0.0,0.0,0.0,0.0,0.0
t776,0.0,0.0,0.0,0.0,0.0,0.0,0.0
t777,0.0,0.0,0.0,0.0,0.0,0.0,0.0
t778,0.0,0.0,0.0,0.0,0.0,0.0,0.0
t779,0.0,0.0,0.0,0.0,0.0,0.0,0.0
t780,0.0,0.0,0.0,0.0,0.0,0.0,0.0
t781,0.0,0.0,0.0,0.0,0.0,0.0,0.0
t782,0.0,0.0,0.0,0.0,0.0,0.0,0.0
t783,0.0,0.0,0.0,0.0,0.0,0.0,0.0
t784,0.0,0.0,0.0,0.0,0.0,0.0,0.0
t785,0.0,0.0,0.0,0.0,0.0,0.0,0.0
t786,0.0,0.0,0.0,0.0,0.0,0.0,0.0
t787,0.0,0.0,0.0,0.0,0.0,2.5031250000000003,5.625
t788,0.0,0.0,0.0,0.0,0.0,4.449999999999999,10.0
t789,0.0,0.0,0.0,0.0,0.0,4.449999999999999,10.0
t790,0.0,0.0,0.0,0.0,0.0,4.449999999999999,10.0
t791,0.0,0.0,0.0,0.0,0.0,4.449999999999999,10.0
t792,0.0,0.0,0.0,0.0,0.0,4.449999999999999,10.0
t793,0.0,0.0,0.0,0.0,0.0,4.449999999999999,10.0
t794,0.0,0.0,0.0,0.0,0.0,4.449999999999999,10.0
t795,0.0,0.0,0.0,0.0,0.0,4.449999999999999,10.0
t796,0.0,0.0,0.0,0.0,0.0,4.449999999999999,10.0
t797,0.0,0.0,0.0,0.0,0.0,4.449999999999999,10.0
t798,0.0,0.0,0.0,0.0,0.0,4.004999999999998,8.999999999999998
t799,0.0,0.0,0.0,0.0,0.0,0.0,0.0
t800,0.0,0.0,0.0,0.0,0.0,0.0,0.0
t801,0.0,0.0,0.0,0.0,0.0,0.0,0.0
t802,0.0,0.0,0.0,0.0,0.0,0.0,0.0
t803,0.0,0.0,0.0,0.0,0.0,0.0,0.0
t804,0.0,0.0,0.0,0.0,0.0,0.0,0.0
t805,0.0,0.0,0.0,0.0,0.0,0.0,0.0
t806,0.0,0.0,0.0,0.0,0.0,0.0,0.0
t807,0.0,0.0,0.0,0.0,0.0,0.0,0.0
t808,0.0,0.0,0.0,0.0,0.0,0.0,0.0
t809,0.0,0.0,0.0,0.0,0.0,0.0,0.0
t810,0.0,0.0,0.0,0.0,0.0,0.0,0.0
t811,0.0,0.0,0.0,0.0,0.0,0.0,0.5727650913666202
t812,0.0,0.0,0.0,0.0,0.0,2.5031250000000003,10.0
t813,0.0,0.0,0.0,0.0,0.0,4.449999999999999,10.0
t814,0.0,0.0,0.0,0.0,0.0,4.449999999999999,10.0
t815,0.0,0.0,0.0,0.0,0.0,4.449999999999999,10.0
t816,0.0,0.0,0.0,0.0,0.0,4.449999999999999,10.0
t817,0.0,0.0,0.0,0.0,0.0,4.449999999999999,10.0
t818,0.0,0.0,0.0,0.0,0.0,4.449999999999999,10.0
t819,0.0,0.0,0.0,0.0,0.0,4.449999999999999,10.0
t820,0.0,0.0,0.0,0.0,0.0,4.449999999999999,10.0
t821,0.0,0.0,0.0,0.0,0.0,4.449999999999999,10.0
t822,0.0,0.0,0.0,0.0,0.0,4.004999999999999,8.999999999999998
t823,0.0,0.0,0.0,0.0,0.0,0.0,0.0
t824,0.0,0.0,0.0,0.0,0.0,0.0,0.0
t825,0.0,0.0,0.0,0.0,0.0,0.0,0.0
t826,0.0,0.0,0.0,0.0,0.0,0.0,0.0
t827,0.0,0.0,0.0,0.0,0.0,0.0,0.0
t828,0.0,0.0,0.0,0.0,0.0,0.0,0.0
t829,0.0,0.0,0.0,0.0,0.0,0.0,0.0
t830,0.0,0.0,0.0,0.0,0.0,0.0,0.0
t831,0.0,0.0,0.0,0.0,0.0,0.0,0.0
t832,0.0,0.0,0.0,0.0,0.0,0.0,0.0
t833,0.0,0.0,0.0,0.0,0.0,0.0,0.0
t834,0.0,0.0,0.0,0.0,0.0,0.0,0.0
t835,0.0,0.0,0.0,0.0,0.0,0.0,0.0
t836,0.0,0.0,0.0,0.0,0.0,2.5031250000000003,5.625
t837,0.0,0.0,0.0,0.0,0.0,4.449999999999999,10.0
t838,0.0,0.0,0.0,0.0,0.0,4.449999999999999,10.0
t839,0.0,0.0,0.0,0.0,0.0,4.449999999999999,10.0
t840,0.0,0.0,0.0,0.0,0.0,4.449999999999999,10.0
t841,0.0,0.0,0.0,0.0,0.0,4.449999999999999,10.0
t842,0.0,0.0,0.0,0.0,0.0,4.449999999999999,10.0
t843,0.0,0.0,0.0,0.0,0.0,4.449999999999999,10.0
t844,0.0,0.0,0.0,0.0,0.0,4.449999999999999,10.0
t845,0.0,0.0,0.0,0.0,0.0,4.449999999999999,10.0
t846,0.0,0.0,0.0,0.0,0.0,4.004999999999999,5.625
t847,0.0,0.0,0.0,0.0,0.0,0.0,0.0
t848,0.0,0.0,0.0,0.0,0.0,0.0,0.0
t849,0.0,0.0,0.0,0.0,0.0,0.0,0.0
t850,0.0,0.0,0.0,0.0,0.0,0.0,0.0
t851,0.0,0.0,0.0,0.0,0.0,0.0,0.0
t852,0.0,0.0,0.0,0.0,0.0,0.0,0.0
t853,0.0,0.0,0.0,0.0,0.0,0.0,0.0
t854,0.0,0.0,0.0,0.0,0.0,0.0,0.0
t855,0.0,0.0,0.0,0.0,0.0,0.0,0.0
t856,0.0,0.0,0.0,0.0,0.0,0.0,0.0
t857,0.0,0.0,0.0,0.0,0.0,0.0,0.0
t858,0.0,0.0,0.0,0.0,0.0,0.0,0.0
t859,0.0,0.0,0.0,0.0,0.0,0.0,0.0
t860,0.0,0.0,0.0,0.0,0.0,2.503125,5.625
t861,0.0,0.0,0.0,0.0,0.0,4.449999999999999,10.0
t862,0.0,0.0,0.0,0.0,0.0,4.449999999999999,10.0
t863,0.0,0.0,0.0,0.0,0.0,4.449999999999999,10.0
t864,0.0,0.0,0.0,0.0,0.0,4.449999999999999,10.0
t865,0.0,0.0,0.0,0.0,0.0,4.449999999999999,10.0
t866,0.0,0.0,0.0,0.0,0.0,4.449999999999999,10.0
t867,0.0,0.0,0.0,0.0,0.0,4.449999999999999,10.0
t868,0.0,0.0,0.0,0.0,0.0,4.449999999999999,10.0
t869,0.0,0.0,0.0,0.0,0.0,4.449999999999999,10.0
t870,0.0,0.0,0.0,0.0,0.0,4.004999999999999,8.999999999999998
t871,0.0,0.0,0.0,0.0,0.0,0.0,0.0
t872,0.0,0.0,0.0,0.0,0.0,0.0,0.0
t873,0.0,0.0,0.0,0.0,0.0,0.0,0.0
t874,0.0,0.0,0.0,0.0,0.0,0.0,0.0
t875,0.0,0.0,0.0,0.0,0.0,0.0,0.0
t876,0.0,0.0,0.0,0.0,0.0,0.0,0.0
t877,0.0,0.0,0.0,0.0,0.0,0.0,0.0
t878,0.0,0.0,0.0,0.0,0.0,0.0,0.0
t879,0.0,0.0,0.0,0.0,0.0,0.0,0.0
t880,0.0,0.0,0.0,0.0,0.0,0.0,0.0
t881,0.0,0.0,0.0,0.0,0.0,0.0,0.0
t882,0.0,0.0,0.0,0.0,0.0,0.0,0.0
t883,0.0,0.0,0.0,0.0,0.0,2.5031250000000003,8.999999999999998
t884,0.0,0.0,0.0,0.0,0.0,4.449999999999999,10.0
t885,0.0,0.0,0.0,0.0,0.0,4.449999999999999,10.0
t886,0.0,0.0,0.0,0.0,0.0,4.449999999999999,10.0
t887,0.0,0.0,0.0,0.0,0.0,4.449999999999999,10.0
t888,0.0,0.0,0.0,0.0,0.0,4.449999999999999,10.0
t889,0.0,0.0,0.0,0.0,0.0,4.449999999999999,10.0
t890,0.0,0.0,0.0,0.0,0.0,4.449999999999999,10.0
t891,0.0,0.0,0.0,0.0,0.0,4.449999999999999,10.0
t892,0.0,0.0,0.0,0.0,0.0,4.449999999999999,10.0
t893,0.0,0.0,0.0,0.0,0.0,4.449999999999999,10.0
t894,0.0,0.0,0.0,0.0,0.0,4.449999999999999,10.0
t895,0.0,0.0,0.0,0.0,0.0,4.004999999999999,5.625
t896,0.0,0.0,0.0,0.0,0.0,0.0,0.0
t897,0.0,0.0,0.0,0.0,0.0,0.0,0.0
t898,0.0,0.0,0.0,0.0,0.0,0.0,0.0
t899,0.0,0.0,0.0,0.0,0.0,0.0,0.0
t900,0.0,0.0,0.0,0.0,0.0,0.0,0.0
t901,0.0,0.0,0.0,0.0,0.0,0.0,0.0
t902,0.0,0.0,0.0,0.0,0.0,0.0,0.0
t903,0.0,0.0,0.0,0.0,0.0,0.0,0.0
t904,0.0,0.0,0.0,0.0,0.0,0.0,0.0
t905,0.0,0.0,0.0,0.0,0.0,0.0,0.0
t906,0.0,0.0,0.0,0.0,0.0,0.0,0.0
t907,0.0,0.0,0.0,0.0,0.0,2.5031250000000003,8.999999999999998
t908,0.0,0.0,0.0,0.0,0.0,4.449999999999999,10.0
t909,0.0,0.0,0.0,0.0,0.0,4.449999999999999,10.0
t910,0.0,0.0,0.0,0.0,0.0,4.449999999999999,10.0
t911,0.0,0.0,0.0,0.0,0.0,4.449999999999999,10.0
t912,0.0,0.0,0.0,0.0,0.0,4.449999999999999,10.0
t913,0.0,0.0,0.0,0.0,0.0,4.449999999999999,10.0
t914,0.0,0.0,0.0,0.0,0.0,4.449999999999999,10.0
t915,0.0,0.0,0.0,0.0,0.0,4.449999999999999,10.0
t916,0.0,0.0,0.0,0.0,0.0,4.449999999999999,10.0
t917,0.0,0.0,0.0,0.0,0.0,4.449999999999999,10.0
t918,0.0,0.0,0.0,0.0,0.0,4.004999999999999,8.999999999999998
t919,0.0,0.0,0.0,0.0,0.0,0.0,0.0
t920,0.0,0.0,0.0,0.0,0.0,0.0,0.0
t921,0.0,0.0,0.0,0.0,0.0,0.0,0.0
t922,0.0,0.0,0.0,0.0,0.0,0.0,0.0
t923,0.0,0.0,0.0,0.0,0.0,0.0,0.0
t924,0.0,0.0,0.0,0.0,0.0,0.0,0.0
t925,0.0,0.0,0.0,0.0,0.0,0.0,0.0
t926,0.0,0.0,0.0,0.0,0.0,0.0,0.0
t927,0.0,0.0,0.0,0.0,0.0,0.0,0.0
t928,0.0,0.0,0.0,0.0,0.0,0.0,0.0
t929,0.0,0.0,0.0,0.0,0.0,0.0,0.0
t930,0.0,0.0,0.0,0.0,0.0,0.0,0.0
t931,0.0,0.0,0.0,0.0,0.0,0.0,0.0
t932,0.0,0.0,0.0,0.0,0.0,2.5031250000000007,8.999999999999998
t933,0.0,0.0,0.0,0.0,0.0,4.449999999999999,10.0
t934,0.0,0.0,0.0,0.0,0.0,4.449999999999999,10.0
t935,0.0,0.0,0.0,0.0,0.0,4.449999999999999,10.0
t936,0.0,0.0,0.0,0.0,0.0,4.449999999999999,10.0
t937,0.0,0.0,0.0,0.0,0.0,4.449999999999999,10.0
t938,0.0,0.0,0.0,0.0,0.0,4.449999999999999,10.0
t939,0.0,0.0,0.0,0.0,0.0,4.449999999999999,10.0
t940,0.0,0.0,0.0,0.0,0.0,4.449999999999999,10.0
t941,0.0,0.0,0.0,0.0,0.0,4.449999999999999,10.0
t942,0.0,0.0,0.0,0.0,0.0,4.004999999999999,8.999999999999998
t943,0.0,0.0,0.0,0.0,0.0,0.0,0.0
t944,0.0,0.0,0.0,0.0,0.0,0.0,0.0
t945,0.0,0.0,0.0,0.0,0.0,0.0,0.0
t946,0.0,0.0,0.0,0.0,0.0,0.0,0.0
t947,0.0,0.0,0.0,0.0,0.0,0.0,0.0
t948,0.0,0.0,0.0,0.0,0.0,0.0,0.0
t949,0.0,0.0,0.0,0.0,0.0,0.0,0.0
t950,0.0,0.0,0.0,0.0,0.0,0.0,0.0
t951,0.0,0.0,0.0,0.0,0.0,0.0,0.0
t952,0.0,0.0,0.0,0.0,0.0,0.0,0.0
t953,0.0,0.0,0.0,0.0,0.0,0.0,0.0
t954,0.0,0.0,0.0,0.0,0.0,0.0,0.0
t955,0.0,0.0,0.0,0.0,0.0,2.5031250000000007,5.625
t956,0.0,0.0,0.0,0.0,0.0,4.449999999999999,10.0
t957,0.0,0.0,0.0,0.0,0.0,4.449999999999999,10.0
t958,0.0,0.0,0.0,0.0,0.0,4.449999999999999,10.0
t959,0.0,0.0,0.0,0.0,0.0,4.449999999999999,10.0
t960,0.0,0.0,0.0,0.0,0.0,4.449999999999999,10.0
t961,0.0,0.0,0.0,0.0,0.0,4.449999999999999,10.0
t962,0.0,0.0,0.0,0.0,0.0,4.449999999999999,10.0
t963,0.0,0.0,0.0,0.0,0.0,4.449999999999999,10.0
t964,0.0,0.0,0.0,0.0,0.0,4.449999999999999,10.0
t965,0.0,0.0,0.0,0.0,0.0,4.449999999999999,10.0
t966,0.0,0.0,0.0,0.0,0.0,4.004999999999999,8.999999999999998
t967,0.0,0.0,0.0,0.0,0.0,0.0,0.0
t968,0.0,0.0,0.0,0.0,0.0,0.0,0.0
t969,0.0,0.0,0.0,0.0,0.0,0.0,0.0
t970,0.0,0.0,0.0,0.0,0.0,0.0,0.0
t971,0.0,0.0,0.0,0.0,0.0,0.0,0.0
t972,0.0,0.0,0.0,0.0,0.0,0.0,0.0
t973,0.0,0.0,0.0,0.0,0.0,0.0,0.0
t974,0.0,0.0,0.0,0.0,0.0,0.0,0.0
t975,0.0,0.0,0.0,0.0,0.0,0.0,0.0
t976,0.0,0.0,0.0,0.0,0.0,0.0,0.0
t977,0.0,0.0,0.0,0.0,0.0,0.0,0.0
t978,0.0,0.0,0.0,0.0,0.0,0.0,0.0
t979,0.0,0.0,0.0,0.0,0.0,2.5031250000000007,8.999999999999998
t980,0.0,0.0,0.0,0.0,0.0,4.449999999999999,10.0
t981,0.0,0.0,0.0,0.0,0.0,4.449999999999999,10.0
t982,0.0,0.0,0.0,0.0,0.0,4.449999999999999,10.0
t983,0.0,0.0,0.0,0.0,0.0,4.449999999999999,10.0
t984,0.0,0.0,0.0,0.0,0.0,4.449999999999999,10.0
t985,0.0,0.0,0.0,0.0,0.0,4.449999999999999,10.0
t986,0.0,0.0,0.0,0.0,0.0,4.449999999999999,10.0
t987,0.0,0.0,0.0,0.0,0.0,4.449999999999999,10.0
t988,0.0,0.0,0.0,0.0,0.0,4.449999999999999,10.0
t989,0.0,0.0,0.0,0.0,0.0,4.449999999999999,10.0
t990,0.0,0.0,0.0,0.0,0.0,4.004999999999999,8.999999999999998
t991,0.0,0.0,0.0,0.0,0.0,0.0,0.0
t992,0.0,0.0,0.0,0.0,0.0,0.0,0.0
t993,0.0,0.0,0.0,0.0,0.0,0.0,0.0
t994,0.0,0.0,0.0,0.0,0.0,0.0,0.0
t995,0.0,0.0,0.0,0.0,0.0,0.0,0.0
t996,0.0,0.0,0.0,0.0,0.0,0.0,0.0
t997,0.0,0.0,0.0,0.0,0.0,0.0,0.0
t998,0.0,0.0,0.0,0.0,0.0,0.0,0.0
t999,0.0,0.0,0.0,0.0,0.0,0.0,0.0
t1000,0.0,0.0,0.0,0.0,0.0,0.0,0.0
t1001,0.0,0.0,0.0,0.0,0.0,0.0,0.0
t1002,0.0,0.0,0.0,0.0,0.0,0.0,0.0
t1003,0.0,0.0,0.0,0.0,0.0,0.0,0.0
t1004,0.0,0.0,0.0,0.0,0.0,2.5031250000000007,5.625
t1005,0.0,0.0,0.0,0.0,0.0,4.449999999999999,10.0
t1006,0.0,0.0,0.0,0.0,0.0,4.449999999999999,10.0
t1007,0.0,0.0,0.0,0.0,0.0,4.449999999999999,10.0
t1008,0.0,0.0,0.0,0.0,0.0,4.449999999999999,10.0
t1009,0.0,0.0,0.0,0.0,0.0,4.449999999999999,10.0
t1010,0.0,0.0,0.0,0.0,0.0,4.449999999999999,10.0
t1011,0.0,0.0,0.0,0.0,0.0,4.449999999999999,10.0
t1012,0.0,0.0,0.0,0.0,0.0,4.449999999999999,10.0
t1013,0.0,0.0,0.0,0.0,0.0,4.449999999999999,10.0
t1014,0.0,0.0,0.0,0.0,0.0,2.5031250000000003,8.999999999999998
t1015,0.0,0.0,0.0,0.0,0.0,0.0,0.0
t1016,0.0,0.0,0.0,0.0,0.0,0.0,0.0
t1017,0.0,0.0,0.0,0.0,0.0,0.0,0.0
t1018,0.0,0.0,0.0,0.0,0.0,0.0,0.0
t1019,0.0,0.0,0.0,0.0,0.0,0.0,0.0
t1020,0.0,0.0,0.0,0.0,0.0,0.0,0.0
t1021,0.0,0.0,0.0,0.0,0.0,0.0,0.0
t1022,0.0,0.0,0.0,0.0,0.0,0.0,0.0
t1023,0.0,0.0,0.0,0.0,0.0,0.0,0.0
t1024,0.0,0.0,0.0,0.0,0.0,0.0,0.0
t1025,0.0,0.0,0.0,0.0,0.0,0.0,0.0
t1026,0.0,0.0,0.0,0.0,0.0,0.0,0.0
t1027,0.0,0.0,0.0,0.0,0.0,2.5031250000000003,5.625
t1028,0.0,0.0,0.0,0.0,0.0,4.449999999999999,10.0
t1029,0.0,0.0,0.0,0.0,0.0,4.449999999999999,10.0
t1030,0.0,0.0,0.0,0.0,0.0,4.449999999999999,10.0
t1031,0.0,0.0,0.0,0.0,0.0,4.449999999999999,10.0
t1032,0.0,0.0,0.0,0.0,0.0,4.449999999999999,10.0
t1033,0.0,0.0,0.0,0.0,0.0,4.449999999999999,10.0
t1034,0.0,0.0,0.0,0.0,0.0,4.449999999999999,10.0
t1035,0.0,0.0,0.0,0.0,0.0,4.449999999999999,10.0
t1036,0.0,0.0,0.0,0.0,0.0,4.449999999999999,10.0
t1037,0.0,0.0,0.0,0.0,0.0,4.449999999999999,10.0
t1038,0.0,0.0,0.0,0.0,0.0,2.5031250000000003,8.999999999999998
t1039,0.0,0.0,0.0,0.0,0.0,0.0,0.0
t1040,0.0,0.0,0.0,0.0,0.0,0.0,0.0
t1041,0.0,0.0,0.0,0.0,0.0,0.0,0.0
t1042,0.0,0.0,0.0,0.0,0.0,0.0,0.0
t1043,0.0,0.0,0.0,0.0,0.0,0.0,0.0
t1044,0.0,0.0,0.0,0.0,0.0,0.0,0.0
t1045,0.0,0.0,0.0,0.0,0.0,0.0,0.0
t1046,0.0,0.0,0.0,0.0,0.0,0.0,0.0
t1047,0.0,0.0,0.0,0.0,0.0,0.0,0.0
t1048,0.0,0.0,0.0,0.0,0.0,0.0,0.0
t1049,0.0,0.0,0.0,0.0,0.0,0.0,0.0
t1050,0.0,0.0,0.0,0.0,0.0,0.0,0.0
t1051,0.0,0.0,0.0,0.0,0.0,2.5031250000000003,5.625
t1052,0.0,0.0,0.0,0.0,0.0,4.449999999999999,10.0
t1053,0.0,0.0,0.0,0.0,0.0,4.449999999999999,10.0
t1054,0.0,0.0,0.0,0.0,0.0,4.449999999999999,10.0
t1055,0.0,0.0,0.0,0.0,0.0,4.449999999999999,10.0
t1056,0.0,0.0,0.0,0.0,0.0,4.449999999999999,10.0
t1057,0.0,0.0,0.0,0.0,0.0,4.449999999999999,10.0
t1058,0.0,0.0,0.0,0.0,0.0,4.449999999999999,10.0
t1059,0.0,0.0,0.0,0.0,0.0,4.449999999999999,10.0
t1060,0.0,0.0,0.0,0.0,0.0,4.449999999999999,10.0
t1061,0.0,0.0,0.0,0.0,0.0,4.449999999999999,10.0
t1062,0.0,0.0,0.0,0.0,0.0,4.449999999999999,10.0
t1063,0.0,0.0,0.0,0.0,0.0,2.5031250000000003,8.999999999999998
t1064,0.0,0.0,0.0,0.0,0.0,0.0,0.0
t1065,0.0,0.0,0.0,0.0,0.0,0.0,0.0
t1066,0.0,0.0,0.0,0.0,0.0,0.0,0.0
t1067,0.0,0.0,0.0,0.0,0.0,0.0,0.0
t1068,0.0,0.0,0.0,0.0,0.0,0.0,0.0
t1069,0.0,0.0,0.0,0.0,0.0,0.0,0.0
t1070,0.0,0.0,0.0,0.0,0.0,0.0,0.0
t1071,0.0,0.0,0.0,0.0,0.0,0.0,0.0
t1072,0.0,0.0,0.0,0.0,0.0,0.0,0.0
t1073,0.0,0.0,0.0,0.0,0.0,0.0,0.0
t1074,0.0,0.0,0.0,0.0,0.0,0.0,0.0
t1075,0.0,0.0,0.0,0.0,0.0,2.5031250000000003,5.625
t1076,0.0,0.0,0.0,0.0,0.0,4.449999999999999,10.0
t1077,0.0,0.0,0.0,0.0,0.0,4.449999999999999,10.0
t1078,0.0,0.0,0.0,0.0,0.0,4.449999999999999,10.0
t1079,0.0,0.0,0.0,0.0,0.0,4.449999999999999,10.0
t1080,0.0,0.0,0.0,0.0,0.0,4.449999999999999,10.0
t1081,0.0,0.0,0.0,0.0,0.0,4.449999999999999,10.0
t1082,0.0,0.0,0.0,0.0,0.0,4.449999999999999,10.0
t1083,0.0,0.0,0.0,0.0,0.0,4.449999999999999,10.0
t1084,0.0,0.0,0.0,0.0,0.0,4.449999999999999,10.0
t1085,0.0,0.0,0.0,0.0,0.0,4.449999999999999,10.0
t1086,0.0,0.0,0.0,0.0,0.0,2.5031250000000003,10.0
t1087,0.0,0.0,0.0,0.0,0.0,0.0,0.18924780720334944
t1088,0.0,0.0,0.0,0.0,0.0,0.0,0.0
t1089,0.0,0.0,0.0,0.0,0.0,0.0,0.0
t1090,0.0,0.0,0.0,0.0,0.0,0.0,0.0
t1091,0.0,0.0,0.0,0.0,0.0,0.0,0.0
t1092,0.0,0.0,0.0,0.0,0.0,0.0,0.0
t1093,0.0,0.0,0.0,0.0,0.0,0.0,0.0
t1094,0.0,0.0,0.0,0.0,0.0,0.0,0.0
t1095,0.0,0.0,0.0,0.0,0.0,0.0,0.0
t1096,0.0,0.0,0.0,0.0,0.0,0.0,0.0
t1097,0.0,0.0,0.0,0.0,0.0,0.0,0.0
t1098,0.0,0.0,0.0,0.0,0.0,0.0,0.0
t1099,0.0,0.0,0.0,0.0,0.0,2.5031250000000003,5.625
t1100,0.0,0.0,0.0,0.0,0.0,4.449999999999999,10.0
t1101,0.0,0.0,0.0,0.0,0.0,4.449999999999999,10.0
t1102,0.0,0.0,0.0,0.0,0.0,4.449999999999999,10.0
t1103,0.0,0.0,0.0,0.0,0.0,4.449999999999999,10.0
t1104,0.0,0.0,0.0,0.0,0.0,4.449999999999999,10.0
t1105,0.0,0.0,0.0,0.0,0.0,4.449999999999999,10.0
t1106,0.0,0.0,0.0,0.0,0.0,4.449999999999999,10.0
t1107,0.0,0.0,0.0,0.0,0.0,4.449999999999999,10.0
t1108,0.0,0.0,0.0,0.0,0.0,4.449999999999999,10.0
t1109,0.0,0.0,0.0,0.0,0.0,4.449999999999999,10.0
t1110,0.0,0.0,0.0,0.0,0.0,4.449999999999999,10.0
t1111,0.0,0.0,0.0,0.0,0.0,2.5031250000000003,8.999999999999998
t1112,0.0,0.0,0.0,0.0,0.0,0.0,0.0
t1113,0.0,0.0,0.0,0.0,0.0,0.0,0.0
t1114,0.0,0.0,0.0,0.0,0.0,0.0,0.0
t1115,0.0,0.0,0.0,0.0,0.0,0.0,0.0
t1116,0.0,0.0,0.0,0.0,0.0,0.0,0.0
t1117,0.0,0.0,0.0,0.0,0.0,0.0,0.0
t1118,0.0,0.0,0.0,0.0,0.0,0.0,0.0
t1119,0.0,0.0,0.0,0.0,0.0,0.0,0.0
t1120,0.0,0.0,0.0,0.0,0.0,0.0,0.0
t1121,0.0,0.0,0.0,0.0,0.0,0.0,0.0
t1122,0.0,0.0,0.0,0.0,0.0,0.0,0.0
t1123,0.0,0.0,0.0,0.0,0.0,2.5031250000000003,5.625
t1124,0.0,0.0,0.0,0.0,0.0,4.449999999999999,10.0
t1125,0.0,0.0,0.0,0.0,0.0,4.449999999999999,10.0
t1126,0.0,0.0,0.0,0.0,0.0,4.449999999999999,10.0
t1127,0.0,0.0,0.0,0.0,0.0,4.449999999999999,10.0
t1128,0.0,0.0,0.0,0.0,0.0,4.449999999999999,10.0
t1129,0.0,0.0,0.0,0.0,0.0,4.449999999999999,10.0
t1130,0.0,0.0,0.0,0.0,0.0,4.449999999999999,10.0
t1131,0.0,0.0,0.0,0.0,0.0,4.449999999999999,10.0
t1132,0.0,0.0,0.0,0.0,0.0,4.449999999999999,10.0
t1133,0.0,0.0,0.0,0.0,0.0,4.449999999999999,10.0
t1134,0.0,0.0,0.0,0.0,0.0,2.5031250000000003,8.999999999999998
t1135,0.0,0.0,0.0,0.0,0.0,0.0,0.0
t1136,0.0,0.0,0.0,0.0,0.0,0.0,0.0
t1137,0.0,0.0,0.0,0.0,0.0,0.0,0.0
t1138,0.0,0.0,0.0,0.0,0.0,0.0,0.0
t1139,0.0,0.0,0.0,0.0,0.0,0.0,0.0
t1140,0.0,0.0,0.0,0.0,0.0,0.0,0.0
t1141,0.0,0.0,0.0,0.0,0.0,0.0,0.0
t1142,0.0,0.0,0.0,0.0,0.0,0.0,0.0
t1143,0.0,0.0,0.0,0.0,0.0,0.0,0.0
t1144,0.0,0.0,0.0,0.0,0.0,0.0,0.0
t1145,0.0,0.0,0.0,0.0,0.0,0.0,0.0
t1146,0.0,0.0,0.0,0.0,0.0,0.0,0.0
t1147,0.0,0.0,0.0,0.0,0.0,2.5031250000000003,5.625
t1148,0.0,0.0,0.0,0.0,0.0,4.449999999999999,10.0
t1149,0.0,0.0,0.0,0.0,0.0,4.449999999999999,10.0
t1150,0.0,0.0,0.0,0.0,0.0,4.449999999999999,10.0
t1151,0.0,0.0,0.0,0.0,0.0,4.449999999999999,10.0
t1152,0.0,0.0,0.0,0.0,0.0,4.449999999999999,10.0
t1153,0.0,0.0,0.0,0.0,0.0,4.449999999999999,10.0
t1154,0.0,0.0,0.0,0.0,0.0,4.449999999999999,10.0
t1155,0.0,0.0,0.0,0.0,0.0,4.449999999999999,10.0
t1156,0.0,0.0,0.0,0.0,0.0,4.449999999999999,10.0
t1157,0.0,0.0,0.0,0.0,0.0,4.449999999999999,10.0
t1158,0.0,0.0,0.0,0.0,0.0,2.5031250000000003,8.999999999999998
t1159,0.0,0.0,0.0,0.0,0.0,0.0,0.0
t1160,0.0,0.0,0.0,0.0,0.0,0.0,0.0
t1161,0.0,0.0,0.0,0.0,0.0,0.0,0.0
t1162,0.0,0.0,0.0,0.0,0.0,0.0,0.0
t1163,0.0,0.0,0.0,0.0,0.0,0.0,0.0
t1164,0.0,0.0,0.0,0.0,0.0,0.0,0.0
t1165,0.0,0.0,0.0,0.0,0.0,0.0,0.0
t1166,0.0,0.0,0.0,0.0,0.0,0.0,0.0
t1167,0.0,0.0,0.0,0.0,0.0,0.0,0.0
t1168,0.0,0.0,0.0,0.0,0.0,0.0,0.0
t1169,0.0,0.0,0.0,0.0,0.0,0.0,0.0
t1170,0.0,0.0,0.0,0.0,0.0,0.0,0.0
t1171,0.0,0.0,0.0,0.0,0.0,2.5031250000000003,5.625
t1172,0.0,0.0,0.0,0.0,0.0,4.449999999999999,10.0
t1173,0.0,0.0,0.0,0.0,0.0,4.449999999999999,10.0
t1174,0.0,0.0,0.0,0.0,0.0,4.449999999999999,10.0
t1175,0.0,0.0,0.0,0.0,0.0,4.449999999999999,10.0
t1176,0.0,0.0,0.0,0.0,0.0,4.449999999999999,10.0
t1177,0.0,105.25278223649362,0.0,0.0,0.0,4.449999999999999,10.0
t1178,0.0,105.25278223649362,0.0,0.0,0.0,4.449999999999999,10.0
t1179,0.0,105.25278223649362,0.0,0.0,0.0,4.449999999999999,10.0
t1180,0.0,105.25278223649362,0.0,0.0,0.0,4.449999999999999,10.0
t1181,0.0,105.25278223649362,0.0,0.0,0.0,4.449999999999999,10.0
t1182,0.0,105.25278223649362,0.0,0.0,0.0,4.449999999999999,10.0
t1183,0.0,105.25278223649362,0.0,0.0,0.0,4.449999999999999,10.0
t1184,0.0,0.0,0.0,0.0,0.0,4.004999999999999,5.625
t1185,0.0,0.0,0.0,0.0,0.0,0.0,0.0
t1186,0.0,0.0,0.0,0.0,0.0,0.0,0.0
t1187,0.0,0.0,0.0,0.0,0.0,0.0,0.0
t1188,0.0,0.0,0.0,0.0,0.0,0.0,0.0
t1189,0.0,0.0,0.0,0.0,0.0,0.0,0.0
t1190,0.0,0.0,0.0,0.0,0.0,0.0,0.0
t1191,0.0,0.0,0.0,0.0,0.0,0.0,0.0
t1192,0.0,0.0,0.0,0.0,0.0,0.0,0.0
t1193,0.0,0.0,0.0,0.0,0.0,2.5031250000000003,5.625
t1194,0.0,0.0,0.0,0.0,0.0,4.449999999999999,10.0
t1195,0.0,0.0,0.0,0.0,0.0,4.449999999999999,10.0
t1196,0.0,0.0,0.0,0.0,0.0,4.449999999999999,10.0
t1197,0.0,0.0,0.0,0.0,0.0,4.449999999999999,10.0
t1198,0.0,0.0,0.0,0.0,0.0,4.449999999999999,10.0
t1199,0.0,0.0,0.0,0.0,0.0,4.449999999999999,10.0
t1200,0.0,0.0,0.0,0.0,0.0,4.449999999999999,10.0
t1201,0.0,0.0,0.0,0.0,0.0,4.449999999999999,10.0
t1202,0.0,0.0,0.0,0.0,0.0,4.449999999999999,10.0
t1203,0.0,0.0,0.0,0.0,0.0,4.449999999999999,10.0
t1204,0.0,0.0,0.0,0.0,0.0,4.449999999999999,10.0
t1205,0.0,0.0,0.0,0.0,0.0,4.449999999999999,10.0
t1206,0.0,0.0,0.0,0.0,0.0,4.449999999999999,10.0
t1207,0.0,0.0,0.0,0.0,0.0,4.004999999999999,8.999999999999998
t1208,0.0,0.0,0.0,0.0,0.0,0.0,0.0
t1209,0.0,0.0,0.0,0.0,0.0,0.0,0.0
t1210,0.0,0.0,0.0,0.0,0.0,0.0,0.0
t1211,0.0,0.0,0.0,0.0,0.0,0.0,0.0
t1212,0.0,0.0,0.0,0.0,0.0,0.0,0.0
t1213,0.0,0.0,0.0,0.0,0.0,0.0,0.0
t1214,0.0,0.0,0.0,0.0,0.0,0.0,0.0
t1215,0.0,0.0,0.0,0.0,0.0,0.0,0.0
t1216,0.0,0.0,0.0,0.0,0.0,0.0,0.0
t1217,0.0,0.0,0.0,0.0,0.0,0.0,0.0
t1218,0.0,0.0,0.0,0.0,0.0,2.5031250000000003,5.625
t1219,0.0,0.0,0.0,0.0,0.0,4.449999999999999,10.0
t1220,0.0,0.0,0.0,0.0,0.0,4.449999999999999,10.0
t1221,0.0,0.0,0.0,0.0,0.0,4.449999999999999,10.0
t1222,0.0,0.0,0.0,0.0,0.0,4.449999999999999,10.0
t1223,0.0,0.0,0.0,0.0,0.0,4.449999999999999,10.0
t1224,0.0,0.0,0.0,0.0,0.0,4.449999999999999,10.0
t1225,0.0,0.0,0.0,0.0,0.0,4.449999999999999,10.0
t1226,0.0,0.0,0.0,0.0,0.0,4.449999999999999,10.0
t1227,0.0,0.0,0.0,0.0,0.0,4.449999999999999,10.0
t1228,0.0,0.0,0.0,0.0,0.0,4.449999999999999,10.0
t1229,0.0,0.0,0.0,0.0,0.0,4.449999999999999,10.0
t1230,0.0,0.0,0.0,0.0,0.0,4.449999999999999,10.0
t1231,0.0,0.0,0.0,0.0,0.0,4.449999999999999,10.0
t1232,0.0,0.0,0.0,0.0,0.0,4.004999999999999,9.0
t1233,0.0,0.0,0.0,0.0,0.0,0.0,0.0
t1234,0.0,0.0,0.0,0.0,0.0,0.0,0.0
t1235,0.0,0.0,0.0,0.0,0.0,0.0,0.0
t1236,0.0,0.0,0.0,0.0,0.0,0.0,0.0
t1237,0.0,0.0,0.0,0.0,0.0,0.0,0.0
t1238,0.0,0.0,0.0,0.0,0.0,0.0,0.0
t1239,0.0,0.0,0.0,0.0,0.0,0.0,0.0
t1240,0.0,0.0,0.0,0.0,0.0,0.0,0.0
t1241,0.0,0.0,0.0,0.0,0.0,2.5031250000000003,5.625
t1242,0.0,140.4832978,0.0,0.0,0.0,4.449999999999999,10.0
t1243,0.0,140.4832978,0.0,0.0,0.0,4.449999999999999,10.0
t1244,0.0,140.4832978,0.0,0.0,0.0,4.449999999999999,10.0
t1245,0.0,140.4832978,0.0,0.0,0.0,4.449999999999999,10.0
t1246,0.0,140.4832978,0.0,0.0,0.0,4.449999999999999,10.0
t1247,0.0,140.4832978,0.0,0.0,0.0,4.449999999999999,10.0
t1248,0.0,140.4832978,0.0,0.0,0.0,4.449999999999999,10.0
t1249,0.0,140.4832978,0.0,0.0,0.0,4.449999999999999,10.0
t1250,0.0,140.4832978,0.0,0.0,0.0,4.449999999999999,10.0
t1251,0.0,140.4832978,0.0,0.0,0.0,4.449999999999999,10.0
t1252,0.0,140.4832978,0.0,0.0,0.0,4.449999999999999,10.0
t1253,0.0,140.4832978,0.0,0.0,0.0,4.449999999999999,10.0
t1254,0.0,140.4832978,0.0,0.0,0.0,4.449999999999999,10.0
t1255,0.0,140.4832978,0.0,0.0,0.0,4.449999999999999,10.0
t1256,0.0,0.0,0.0,0.0,0.0,4.004999999999999,9.0
t1257,0.0,0.0,0.0,0.0,0.0,0.0,0.0
t1258,0.0,0.0,0.0,0.0,0.0,0.0,0.0
t1259,0.0,0.0,0.0,0.0,0.0,0.0,0.0
t1260,0.0,0.0,0.0,0.0,0.0,0.0,0.0
t1261,0.0,0.0,0.0,0.0,0.0,0.0,0.0
t1262,0.0,0.0,0.0,0.0,0.0,0.0,0.0
t1263,0.0,0.0,0.0,0.0,0.0,0.0,0.0
t1264,0.0,0.0,0.0,0.0,0.0,0.0,0.0
t1265,0.0,0.0,0.0,0.0,0.0,0.0,0.0
t1266,0.0,0.0,0.0,0.0,0.0,2.5031250000000003,5.625
t1267,0.0,0.0,0.0,0.0,0.0,4.449999999999999,10.0
t1268,0.0,0.0,0.0,0.0,0.0,4.449999999999999,10.0
t1269,0.0,0.0,0.0,0.0,0.0,4.449999999999999,10.0
t1270,0.0,0.0,0.0,0.0,0.0,4.449999999999999,10.0
t1271,0.0,0.0,0.0,0.0,0.0,4.449999999999999,10.0
t1272,0.0,0.0,0.0,0.0,0.0,4.449999999999999,10.0
t1273,0.0,0.0,0.0,0.0,0.0,4.449999999999999,10.0
t1274,0.0,0.0,0.0,0.0,0.0,4.449999999999999,10.0
t1275,0.0,0.0,0.0,0.0,0.0,4.449999999999999,10.0
t1276,0.0,0.0,0.0,0.0,0.0,4.449999999999999,10.0
t1277,0.0,0.0,0.0,0.0,0.0,4.449999999999999,10.0
t1278,0.0,0.0,0.0,0.0,0.0,4.449999999999999,10.0
t1279,0.0,0.0,0.0,0.0,0.0,4.449999999999999,10.0
t1280,0.0,0.0,0.0,0.0,0.0,4.004999999999999,8.999999999999998
t1281,0.0,0.0,0.0,0.0,0.0,0.0,0.0
t1282,0.0,0.0,0.0,0.0,0.0,0.0,0.0
t1283,0.0,0.0,0.0,0.0,0.0,0.0,0.0
t1284,0.0,0.0,0.0,0.0,0.0,0.0,0.0
t1285,0.0,0.0,0.0,0.0,0.0,0.0,0.0
t1286,0.0,0.0,0.0,0.0,0.0,0.0,0.0
t1287,0.0,0.0,0.0,0.0,0.0,0.0,0.0
t1288,0.0,0.0,0.0,0.0,0.0,0.0,0.0
t1289,0.0,0.0,0.0,0.0,0.0,2.5031250000000003,5.625
t1290,0.0,130.9238643,0.0,0.0,0.0,4.449999999999999,10.0
t1291,0.0,130.9238643,0.0,0.0,0.0,4.449999999999999,10.0
t1292,0.0,130.9238643,0.0,0.0,0.0,4.449999999999999,10.0
t1293,0.0,130.9238643,0.0,0.0,0.0,4.449999999999999,10.0
t1294,0.0,130.9238643,0.0,0.0,0.0,4.449999999999999,10.0
t1295,0.0,130.9238643,0.0,0.0,0.0,4.449999999999999,10.0
t1296,0.0,130.9238643,0.0,0.0,0.0,4.449999999999999,10.0
t1297,0.0,130.9238643,0.0,0.0,0.0,4.449999999999999,10.0
t1298,0.0,130.9238643,0.0,0.0,0.0,4.449999999999999,10.0
t1299,0.0,130.9238643,0.0,0.0,0.0,4.449999999999999,10.0
t1300,0.0,130.9238643,0.0,0.0,0.0,4.449999999999999,10.0
t1301,0.0,130.9238643,0.0,0.0,0.0,4.449999999999999,10.0
t1302,0.0,130.9238643,0.0,0.0,0.0,4.449999999999999,10.0
t1303,0.0,130.9238643,0.0,0.0,0.0,4.449999999999999,10.0
t1304,0.0,0.0,0.0,0.0,0.0,4.004999999999999,8.999999999999998
t1305,0.0,0.0,0.0,0.0,0.0,0.0,0.0
t1306,0.0,0.0,0.0,0.0,0.0,0.0,0.0
t1307,0.0,0.0,0.0,0.0,0.0,0.0,0.0
t1308,0.0,0.0,0.0,0.0,0.0,0.0,0.0
t1309,0.0,0.0,0.0,0.0,0.0,0.0,0.0
t1310,0.0,0.0,0.0,0.0,0.0,0.0,0.0
t1311,0.0,0.0,0.0,0.0,0.0,0.0,0.0
t1312,0.0,0.0,0.0,0.0,0.0,0.0,0.0
t1313,0.0,0.0,0.0,0.0,0.0,2.5031250000000003,5.625
t1314,0.0,130.9852377,0.0,0.0,0.0,4.449999999999999,10.0
t1315,0.0,130.9852377,0.0,0.0,0.0,4.449999999999999,10.0
t1316,0.0,130.9852377,0.0,0.0,0.0,4.449999999999999,10.0
t1317,0.0,130.9852377,0.0,0.0,0.0,4.449999999999999,10.0
t1318,0.0,130.9852377,0.0,0.0,0.0,4.449999999999999,10.0
t1319,0.0,130.9852377,0.0,0.0,0.0,4.449999999999999,10.0
t1320,0.0,130.9852377,0.0,0.0,0.0,4.449999999999999,10.0
t1321,0.0,130.9852377,0.0,0.0,0.0,4.449999999999999,10.0
t1322,0.0,130.9852377,0.0,0.0,0.0,4.449999999999999,10.0
t1323,0.0,130.9852377,0.0,0.0,0.0,4.449999999999999,10.0
t1324,0.0,130.9852377,0.0,0.0,0.0,4.449999999999999,10.0
t1325,0.0,130.9852377,0.0,0.0,0.0,4.449999999999999,10.0
t1326,0.0,130.9852377,0.0,0.0,0.0,4.449999999999999,10.0
t1327,0.0,130.9852377,0.0,0.0,0.0,4.449999999999999,10.0
t1328,0.0,0.0,0.0,0.0,0.0,4.004999999999999,9.0
t1329,0.0,0.0,0.0,0.0,0.0,0.0,0.0
t1330,0.0,0.0,0.0,0.0,0.0,0.0,0.0
t1331,0.0,0.0,0.0,0.0,0.0,0.0,0.0
t1332,0.0,0.0,0.0,0.0,0.0,0.0,0.0
t1333,0.0,0.0,0.0,0.0,0.0,0.0,0.0
t1334,0.0,0.0,0.0,0.0,0.0,0.0,0.0
t1335,0.0,0.0,0.0,0.0,0.0,0.0,0.0
t1336,0.0,0.0,0.0,0.0,0.0,0.0,0.0
t1337,0.0,0.0,0.0,0.0,0.0,2.5031250000000003,5.625
t1338,0.0,105.25278223649362,0.0,0.0,0.0,4.449999999999999,10.0
t1339,0.0,105.25278223649362,0.0,0.0,0.0,4.449999999999999,10.0
t1340,0.0,105.25278223649362,0.0,0.0,0.0,4.449999999999999,10.0
t1341,0.0,105.25278223649362,0.0,0.0,0.0,4.449999999999999,10.0
t1342,0.0,105.25278223649362,0.0,0.0,0.0,4.449999999999999,10.0
t1343,0.0,105.25278223649362,0.0,0.0,0.0,4.449999999999999,10.0
t1344,0.0,105.25278223649362,0.0,0.0,0.0,4.449999999999999,10.0
t1345,0.0,135.81196835,0.0,0.0,0.0,4.449999999999999,10.0
t1346,0.0,135.81196835,0.0,0.0,0.0,4.449999999999999,10.0
t1347,0.0,135.81196835,0.0,0.0,0.0,4.449999999999999,10.0
t1348,0.0,135.81196835,0.0,0.0,0.0,4.449999999999999,10.0
t1349,0.0,135.81196835,0.0,0.0,0.0,4.449999999999999,10.0
t1350,0.0,135.81196835,0.0,0.0,0.0,4.449999999999999,10.0
t1351,0.0,135.81196835,0.0,0.0,0.0,4.449999999999999,10.0
t1352,0.0,0.0,0.0,0.0,0.0,4.004999999999998,8.999999999999998
t1353,0.0,0.0,0.0,0.0,0.0,0.0,0.0
t1354,0.0,0.0,0.0,0.0,0.0,0.0,0.0
t1355,0.0,0.0,0.0,0.0,0.0,0.0,0.0
t1356,0.0,0.0,0.0,0.0,0.0,0.0,0.0
t1357,0.0,0.0,0.0,0.0,0.0,0.0,0.0
t1358,0.0,0.0,0.0,0.0,0.0,0.0,0.0
t1359,0.0,0.0,0.0,0.0,0.0,0.0,0.0
t1360,0.0,0.0,0.0,0.0,0.0,0.0,0.0
t1361,0.0,0.0,0.0,0.0,0.0,2.5031250000000003,5.625
t1362,0.0,136.2138591,0.0,0.0,0.0,4.449999999999999,10.0
t1363,0.0,136.2138591,0.0,0.0,0.0,4.449999999999999,10.0
t1364,0.0,136.2138591,0.0,0.0,0.0,4.449999999999999,10.0
t1365,0.0,136.2138591,0.0,0.0,0.0,4.449999999999999,10.0
t1366,0.0,136.2138591,0.0,0.0,0.0,4.449999999999999,10.0
t1367,0.0,136.2138591,0.0,0.0,0.0,4.449999999999999,10.0
t1368,0.0,136.2138591,0.0,0.0,0.0,4.449999999999999,10.0
t1369,0.0,136.2138591,0.0,0.0,0.0,4.449999999999999,10.0
t1370,0.0,136.2138591,0.0,0.0,0.0,4.449999999999999,10.0
t1371,0.0,136.2138591,0.0,0.0,0.0,4.449999999999999,10.0
t1372,0.0,136.2138591,0.0,0.0,0.0,4.449999999999999,10.0
t1373,0.0,136.2138591,0.0,0.0,0.0,4.449999999999999,10.0
t1374,0.0,136.2138591,0.0,0.0,0.0,4.449999999999999,10.0
t1375,0.0,136.2138591,0.0,0.0,0.0,4.449999999999999,10.0
t1376,0.0,0.0,0.0,0.0,0.0,4.004999999999999,9.0
t1377,0.0,0.0,0.0,0.0,0.0,0.0,0.0
t1378,0.0,0.0,0.0,0.0,0.0,0.0,0.0
t1379,0.0,0.0,0.0,0.0,0.0,0.0,0.0
t1380,0.0,0.0,0.0,0.0,0.0,0.0,0.0
t1381,0.0,0.0,0.0,0.0,0.0,0.0,0.0
t1382,0.0,0.0,0.0,0.0,0.0,0.0,0.0
t1383,0.0,0.0,0.0,0.0,0.0,0.0,0.0
t1384,0.0,0.0,0.0,0.0,0.0,0.0,0.0
t1385,0.0,0.0,0.0,0.0,0.0,2.5031250000000003,5.625
t1386,0.0,140.37931765,0.0,0.0,0.0,4.449999999999999,10.0
t1387,0.0,140.37931765,0.0,0.0,0.0,4.449999999999999,10.0
t1388,0.0,140.37931765,0.0,0.0,0.0,4.449999999999999,10.0
t1389,0.0,140.37931765,0.0,0.0,0.0,4.449999999999999,10.0
t1390,0.0,140.37931765,0.0,0.0,0.0,4.449999999999999,10.0
t1391,0.0,140.37931765,0.0,0.0,0.0,4.449999999999999,10.0
t1392,0.0,140.37931765,0.0,0.0,0.0,4.449999999999999,10.0
t1393,0.0,140.37931765,0.0,0.0,0.0,4.449999999999999,10.0
t1394,0.0,140.37931765,0.0,0.0,0.0,4.449999999999999,10.0
t1395,0.0,140.37931765,0.0,0.0,0.0,4.449999999999999,10.0
t1396,0.0,140.37931765,0.0,0.0,0.0,4.449999999999999,10.0
t1397,0.0,140.37931765,0.0,0.0,0.0,4.449999999999999,10.0
t1398,0.0,140.37931765,0.0,0.0,0.0,4.449999999999999,10.0
t1399,0.0,140.37931765,0.0,0.0,0.0,4.449999999999999,10.0
t1400,0.0,140.37931765,0.0,0.0,0.0,4.449999999999999,10.0
t1401,0.0,0.0,0.0,0.0,0.0,4.004999999999999,8.999999999999998
t1402,0.0,0.0,0.0,0.0,0.0,0.0,0.0
t1403,0.0,0.0,0.0,0.0,0.0,0.0,0.0
t1404,0.0,0.0,0.0,0.0,0.0,0.0,0.0
t1405,0.0,0.0,0.0,0.0,0.0,0.0,0.0
t1406,0.0,0.0,0.0,0.0,0.0,0.0,0.0
t1407,0.0,0.0,0.0,0.0,0.0,0.0,0.0
t1408,0.0,0.0,0.0,0.0,0.0,2.5031250000000003,5.625
t1409,0.0,146.298433,0.0,0.0,0.0,4.449999999999999,10.0
t1410,0.0,146.298433,0.0,0.0,0.0,4.449999999999999,10.0
t1411,0.0,146.298433,0.0,0.0,0.0,4.449999999999999,10.0
t1412,0.0,146.298433,0.0,0.0,0.0,4.449999999999999,10.0
t1413,0.0,146.298433,0.0,0.0,0.0,4.449999999999999,10.0
t1414,0.0,146.298433,0.0,0.0,0.0,4.449999999999999,10.0
t1415,0.0,146.298433,0.0,0.0,0.0,4.449999999999999,10.0
t1416,0.0,146.298433,0.0,0.0,0.0,4.449999999999999,10.0
t1417,0.0,146.298433,0.0,0.0,0.0,4.449999999999999,10.0
t1418,0.0,146.298433,0.0,0.0,0.0,4.449999999999999,10.0
t1419,0.0,146.298433,0.0,0.0,0.0,4.449999999999999,10.0
t1420,0.0,146.298433,0.0,0.0,0.0,4.449999999999999,10.0
t1421,0.0,146.298433,0.0,0.0,0.0,4.449999999999999,10.0
t1422,0.0,146.298433,0.0,0.0,0.0,4.449999999999999,10.0
t1423,0.0,146.298433,0.0,0.0,0.0,4.449999999999999,10.0
t1424,0.0,0.0,0.0,0.0,0.0,4.004999999999999,8.999999999999998
t1425,0.0,0.0,0.0,0.0,0.0,0.0,0.0
t1426,0.0,0.0,0.0,0.0,0.0,0.0,0.0
t1427,0.0,0.0,0.0,0.0,0.0,0.0,0.0
t1428,0.0,0.0,0.0,0.0,0.0,0.0,0.0
t1429,0.0,0.0,0.0,0.0,0.0,0.0,0.0
t1430,0.0,0.0,0.0,0.0,0.0,0.0,0.0
t1431,0.0,0.0,0.0,0.0,0.0,0.0,0.0
t1432,0.0,0.0,0.0,0.0,0.0,0.0,0.0
t1433,0.0,0.0,0.0,0.0,0.0,2.5031250000000003,5.625
t1434,0.0,150.0318472,0.0,0.0,0.0,4.449999999999999,10.0
t1435,0.0,150.0318472,0.0,0.0,0.0,4.449999999999999,10.0
t1436,0.0,150.0318472,0.0,0.0,0.0,4.449999999999999,10.0
t1437,0.0,150.0318472,0.0,0.0,0.0,4.449999999999999,10.0
t1438,0.0,150.0318472,0.0,0.0,0.0,4.449999999999999,10.0
t1439,0.0,150.0318472,0.0,0.0,0.0,4.449999999999999,10.0
t1440,0.0,150.0318472,0.0,0.0,0.0,4.449999999999999,10.0
t1441,0.0,150.0318472,0.0,0.0,0.0,4.449999999999999,10.0
t1442,0.0,150.0318472,0.0,0.0,0.0,4.449999999999999,10.0
t1443,0.0,150.0318472,0.0,0.0,0.0,4.449999999999999,10.0
t1444,0.0,150.0318472,0.0,0.0,0.0,4.449999999999999,10.0
t1445,0.0,150.0318472,0.0,0.0,0.0,4.449999999999999,10.0
t1446,0.0,150.0318472,0.0,0.0,0.0,4.449999999999999,10.0
t1447,0.0,150.0318472,0.0,0.0,0.0,4.449999999999999,10.0
t1448,0.0,0.0,0.0,0.0,0.0,4.004999999999999,8.999999999999998
t1449,0.0,0.0,0.0,0.0,0.0,0.0,0.0
t1450,0.0,0.0,0.0,0.0,0.0,0.0,0.0
t1451,0.0,0.0,0.0,0.0,0.0,0.0,0.0
t1452,0.0,0.0,0.0,0.0,0.0,0.0,0.0
t1453,0.0,0.0,0.0,0.0,0.0,0.0,0.0
t1454,0.0,0.0,0.0,0.0,0.0,0.0,0.0
t1455,0.0,0.0,0.0,0.0,0.0,0.0,0.0
t1456,0.0,0.0,0.0,0.0,0.0,0.0,0.0
t1457,0.0,0.0,0.0,0.0,0.0,2.5031250000000003,5.625
t1458,0.0,170.5410175581634,0.0,0.0,0.0,4.449999999999999,10.0
t1459,0.0,170.5410175581634,0.0,0.0,0.0,4.449999999999999,10.0
t1460,0.0,170.5410175581634,0.0,0.0,0.0,4.449999999999999,10.0
t1461,0.0,170.5410175581634,0.0,0.0,0.0,4.449999999999999,10.0
t1462,0.0,170.5410175581634,0.0,0.0,0.0,4.449999999999999,10.0
t1463,0.0,170.5410175581634,0.0,0.0,0.0,4.449999999999999,10.0
t1464,0.0,170.5410175581634,0.0,0.0,0.0,4.449999999999999,10.0
t1465,0.0,170.5410175581634,0.0,0.0,0.0,4.449999999999999,10.0
t1466,0.0,170.5410175581634,0.0,0.0,0.0,4.449999999999999,10.0
t1467,0.0,170.5410175581634,0.0,0.0,0.0,4.449999999999999,10.0
t1468,0.0,170.5410175581634,0.0,0.0,0.0,4.449999999999999,10.0
t1469,0.0,170.5410175581634,0.0,0.0,0.0,4.449999999999999,10.0
t1470,0.0,170.5410175581634,0.0,0.0,0.0,4.449999999999999,10.0
t1471,0.0,170.5410175581634,0.0,0.0,0.0,4.449999999999999,10.0
t1472,0.0,0.0,0.0,0.0,0.0,4.004999999999999,8.999999999999998
t1473,0.0,0.0,0.0,0.0,0.0,0.0,0.0
t1474,0.0,0.0,0.0,0.0,0.0,0.0,0.0
t1475,0.0,0.0,0.0,0.0,0.0,0.0,0.0
t1476,0.0,0.0,0.0,0.0,0.0,0.0,0.0
t1477,0.0,0.0,0.0,0.0,0.0,0.0,0.0
t1478,0.0,0.0,0.0,0.0,0.0,0.0,0.0
t1479,0.0,0.0,0.0,0.0,0.0,0.0,0.0
t1480,0.0,0.0,0.0,0.0,0.0,0.0,0.0
t1481,0.0,0.0,0.0,0.0,0.0,2.5031250000000003,5.625
t1482,0.0,170.5410175581634,0.0,0.0,0.0,4.449999999999999,10.0
t1483,0.0,170.5410175581634,0.0,0.0,0.0,4.449999999999999,10.0
t1484,0.0,170.5410175581634,0.0,0.0,0.0,4.449999999999999,10.0
t1485,0.0,170.5410175581634,0.0,0.0,0.0,4.449999999999999,10.0
t1486,0.0,170.5410175581634,0.0,0.0,0.0,4.449999999999999,10.0
t1487,0.0,170.5410175581634,0.0,0.0,0.0,4.449999999999999,10.0
t1488,0.0,170.5410175581634,0.0,0.0,0.0,4.449999999999999,10.0
t1489,0.0,170.5410175581634,0.0,0.0,0.0,4.449999999999999,10.0
t1490,0.0,170.5410175581634,0.0,0.0,0.0,4.449999999999999,10.0
t1491,0.0,170.5410175581634,0.0,0.0,0.0,4.449999999999999,10.0
t1492,0.0,170.5410175581634,0.0,0.0,0.0,4.449999999999999,10.0
t1493,0.0,170.5410175581634,0.0,0.0,0.0,4.449999999999999,10.0
t1494,0.0,170.5410175581634,0.0,0.0,0.0,4.449999999999999,10.0
t1495,0.0,170.5410175581634,0.0,0.0,0.0,4.449999999999999,10.0
t1496,0.0,0.0,0.0,0.0,0.0,4.004999999999999,8.999999999999998
t1497,0.0,0.0,0.0,0.0,0.0,0.0,0.0
t1498,0.0,0.0,0.0,0.0,0.0,0.0,0.0
t1499,0.0,0.0,0.0,0.0,0.0,0.0,0.0
t1500,0.0,0.0,0.0,0.0,0.0,0.0,0.0
t1501,0.0,0.0,0.0,0.0,0.0,0.0,0.0
t1502,0.0,0.0,0.0,0.0,0.0,0.0,0.0
t1503,0.0,0.0,0.0,0.0,0.0,0.0,0.0
t1504,0.0,0.0,0.0,0.0,0.0,0.0,0.0
t1505,0.0,0.0,0.0,0.0,0.0,2.5031250000000003,5.625
t1506,0.0,135.81196835,0.0,0.0,0.0,4.449999999999999,10.0
t1507,0.0,135.81196835,0.0,0.0,0.0,4.449999999999999,10.0
t1508,0.0,135.81196835,0.0,0.0,0.0,4.449999999999999,10.0
t1509,0.0,135.81196835,0.0,0.0,0.0,4.449999999999999,10.0
t1510,0.0,135.81196835,0.0,0.0,0.0,4.449999999999999,10.0
t1511,0.0,135.81196835,0.0,0.0,0.0,4.449999999999999,10.0
t1512,0.0,135.81196835,0.0,0.0,0.0,4.449999999999999,10.0
t1513,0.0,163.29757024999998,0.0,0.0,0.0,4.449999999999999,10.0
t1514,0.0,163.29757024999998,0.0,0.0,0.0,4.449999999999999,10.0
t1515,0.0,163.29757024999998,0.0,0.0,0.0,4.449999999999999,10.0
t1516,0.0,163.29757024999998,0.0,0.0,0.0,4.449999999999999,10.0
t1517,0.0,163.29757024999998,0.0,0.0,0.0,4.449999999999999,10.0
t1518,0.0,163.29757024999998,0.0,0.0,0.0,4.449999999999999,10.0
t1519,0.0,163.29757024999998,0.0,0.0,0.0,4.449999999999999,10.0
t1520,0.0,163.29757024999998,0.0,0.0,0.0,4.449999999999999,10.0
t1521,0.0,0.0,0.0,0.0,0.0,4.004999999999999,8.999999999999998
t1522,0.0,0.0,0.0,0.0,0.0,0.0,0.0
t1523,0.0,0.0,0.0,0.0,0.0,0.0,0.0
t1524,0.0,0.0,0.0,0.0,0.0,0.0,0.0
t1525,0.0,0.0,0.0,0.0,0.0,0.0,0.0
t1526,0.0,0.0,0.0,0.0,0.0,0.0,0.0
t1527,0.0,0.0,0.0,0.0,0.0,0.0,0.0
t1528,0.0,0.0,0.0,0.0,0.0,2.5031250000000003,5.625
t1529,0.0,170.5410175581634,0.0,0.0,0.0,4.449999999999999,10.0
t1530,0.0,170.5410175581634,0.0,0.0,0.0,4.449999999999999,10.0
t1531,0.0,170.5410175581634,0.0,0.0,0.0,4.449999999999999,10.0
t1532,0.0,170.5410175581634,0.0,0.0,0.0,4.449999999999999,10.0
t1533,0.0,170.5410175581634,0.0,0.0,0.0,4.449999999999999,10.0
t1534,0.0,170.5410175581634,0.0,0.0,0.0,4.449999999999999,10.0
t1535,0.0,170.5410175581634,0.0,0.0,0.0,4.449999999999999,10.0
t1536,0.0,170.5410175581634,0.0,0.0,0.0,4.449999999999999,10.0
t1537,0.0,170.5410175581634,0.0,0.0,0.0,4.449999999999999,10.0
t1538,0.0,170.5410175581634,0.0,0.0,0.0,4.449999999999999,10.0
t1539,0.0,170.5410175581634,0.0,0.0,0.0,4.449999999999999,10.0
t1540,0.0,170.5410175581634,0.0,0.0,0.0,4.449999999999999,10.0
t1541,0.0,170.5410175581634,0.0,0.0,0.0,4.449999999999999,10.0
t1542,0.0,170.5410175581634,0.0,0.0,0.0,4.449999999999999,10.0
t1543,0.0,170.5410175581634,0.0,0.0,0.0,4.449999999999999,10.0
t1544,0.0,170.5410175581634,0.0,0.0,0.0,4.449999999999999,10.0
t1545,0.0,0.0,0.0,0.0,0.0,2.5031250000000003,8.999999999999998
t1546,0.0,0.0,0.0,0.0,0.0,0.0,0.0
t1547,0.0,0.0,0.0,0.0,0.0,0.0,0.0
t1548,0.0,0.0,0.0,0.0,0.0,0.0,0.0
t1549,0.0,0.0,0.0,0.0,0.0,0.0,0.0
t1550,0.0,0.0,0.0,0.0,0.0,0.0,0.0
t1551,0.0,0.0,0.0,0.0,0.0,0.0,0.0
t1552,0.0,0.0,0.0,0.0,0.0,2.5031250000000003,5.625
t1553,0.0,170.5410175581634,0.0,0.0,0.0,4.449999999999999,10.0
t1554,0.0,170.5410175581634,0.0,0.0,0.0,4.449999999999999,10.0
t1555,0.0,170.5410175581634,0.0,0.0,0.0,4.449999999999999,10.0
t1556,0.0,170.5410175581634,0.0,0.0,0.0,4.449999999999999,10.0
t1557,0.0,170.5410175581634,0.0,0.0,0.0,4.449999999999999,10.0
t1558,0.0,170.5410175581634,0.0,0.0,0.0,4.449999999999999,10.0
t1559,0.0,170.5410175581634,0.0,0.0,0.0,4.449999999999999,10.0
t1560,0.0,170.5410175581634,0.0,0.0,0.0,4.449999999999999,10.0
t1561,0.0,170.5410175581634,0.0,0.0,0.0,4.449999999999999,10.0
t1562,0.0,170.5410175581634,0.0,0.0,0.0,4.449999999999999,10.0
t1563,0.0,170.5410175581634,0.0,0.0,0.0,4.449999999999999,10.0
t1564,0.0,170.5410175581634,0.0,0.0,0.0,4.449999999999999,10.0
t1565,0.0,170.5410175581634,0.0,0.0,0.0,4.449999999999999,10.0
t1566,0.0,170.5410175581634,0.0,0.0,0.0,4.449999999999999,10.0
t1567,0.0,170.5410175581634,0.0,0.0,0.0,4.449999999999999,10.0
t1568,0.0,170.5410175581634,0.0,0.0,0.0,4.449999999999999,10.0
t1569,0.0,0.0,0.0,0.0,0.0,4.004999999999999,8.999999999999998
t1570,0.0,0.0,0.0,0.0,0.0,0.0,0.0
t1571,0.0,0.0,0.0,0.0,0.0,0.0,0.0
t1572,0.0,0.0,0.0,0.0,0.0,0.0,0.0
t1573,0.0,0.0,0.0,0.0,0.0,0.0,0.0
t1574,0.0,0.0,0.0,0.0,0.0,0.0,0.0
t1575,0.0,0.0,0.0,0.0,0.0,0.0,0.0
t1576,0.0,0.0,0.0,0.0,0.0,2.5031250000000003,5.625
t1577,0.0,170.5410175581634,0.0,0.0,0.0,4.449999999999999,10.0
t1578,0.0,170.5410175581634,0.0,0.0,0.0,4.449999999999999,10.0
t1579,0.0,170.5410175581634,0.0,0.0,0.0,4.449999999999999,10.0
t1580,0.0,170.5410175581634,0.0,0.0,0.0,4.449999999999999,10.0
t1581,0.0,170.5410175581634,0.0,0.0,0.0,4.449999999999999,10.0
t1582,0.0,170.5410175581634,0.0,0.0,0.0,4.449999999999999,10.0
t1583,0.0,170.5410175581634,0.0,0.0,0.0,4.449999999999999,10.0
t1584,0.0,170.5410175581634,0.0,0.0,0.0,4.449999999999999,10.0
t1585,0.0,170.5410175581634,0.0,0.0,0.0,4.449999999999999,10.0
t1586,0.0,170.5410175581634,0.0,0.0,0.0,4.449999999999999,10.0
t1587,0.0,170.5410175581634,0.0,0.0,0.0,4.449999999999999,10.0
t1588,0.0,170.5410175581634,0.0,0.0,0.0,4.449999999999999,10.0
t1589,0.0,170.5410175581634,0.0,0.0,0.0,4.449999999999999,10.0
t1590,0.0,170.5410175581634,0.0,0.0,0.0,4.449999999999999,10.0
t1591,0.0,170.5410175581634,0.0,0.0,0.0,4.449999999999999,10.0
t1592,0.0,170.5410175581634,0.0,0.0,0.0,4.449999999999999,10.0
t1593,0.0,0.0,0.0,0.0,0.0,4.004999999999999,8.999999999999998
t1594,0.0,0.0,0.0,0.0,0.0,0.0,0.0
t1595,0.0,0.0,0.0,0.0,0.0,0.0,0.0
t1596,0.0,0.0,0.0,0.0,0.0,0.0,0.0
t1597,0.0,0.0,0.0,0.0,0.0,0.0,0.0
t1598,0.0,0.0,0.0,0.0,0.0,0.0,0.0
t1599,0.0,0.0,0.0,0.0,0.0,0.0,0.0
t1600,0.0,0.0,0.0,0.0,0.0,2.5031250000000003,5.625
t1601,0.0,157.36428254999998,0.0,0.0,0.0,4.449999999999999,10.0
t1602,0.0,157.36428254999998,0.0,0.0,0.0,4.449999999999999,10.0
t1603,0.0,157.36428254999998,0.0,0.0,0.0,4.449999999999999,10.0
t1604,0.0,157.36428254999998,0.0,0.0,0.0,4.449999999999999,10.0
t1605,0.0,157.36428254999998,0.0,0.0,0.0,4.449999999999999,10.0
t1606,0.0,157.36428254999998,0.0,0.0,0.0,4.449999999999999,10.0
t1607,0.0,157.36428254999998,0.0,0.0,0.0,4.449999999999999,10.0
t1608,0.0,157.36428254999998,0.0,0.0,0.0,4.449999999999999,10.0
t1609,0.0,157.36428254999998,0.0,0.0,0.0,4.449999999999999,10.0
t1610,0.0,157.36428254999998,0.0,0.0,0.0,4.449999999999999,10.0
t1611,0.0,157.36428254999998,0.0,0.0,0.0,4.449999999999999,10.0
t1612,0.0,157.36428254999998,0.0,0.0,0.0,4.449999999999999,10.0
t1613,0.0,157.36428254999998,0.0,0.0,0.0,4.449999999999999,10.0
t1614,0.0,157.36428254999998,0.0,0.0,0.0,4.449999999999999,10.0
t1615,0.0,157.36428254999998,0.0,0.0,0.0,4.449999999999999,10.0
t1616,0.0,157.36428254999998,0.0,0.0,0.0,4.449999999999999,10.0
t1617,0.0,0.0,0.0,0.0,0.0,4.004999999999999,9.0
t1618,0.0,0.0,0.0,0.0,0.0,0.0,0.0
t1619,0.0,0.0,0.0,0.0,0.0,0.0,0.0
t1620,0.0,0.0,0.0,0.0,0.0,0.0,0.0
t1621,0.0,0.0,0.0,0.0,0.0,0.0,0.0
t1622,0.0,0.0,0.0,0.0,0.0,0.0,0.0
t1623,0.0,0.0,0.0,0.0,0.0,0.0,0.0
t1624,0.0,0.0,0.0,0.0,0.0,2.5031250000000003,5.625
t1625,0.0,145.40335224999998,0.0,0.0,0.0,4.449999999999999,10.0
t1626,0.0,145.40335224999998,0.0,0.0,0.0,4.449999999999999,10.0
t1627,0.0,145.40335224999998,0.0,0.0,0.0,4.449999999999999,10.0
t1628,0.0,145.40335224999998,0.0,0.0,0.0,4.449999999999999,10.0
t1629,0.0,145.40335224999998,0.0,0.0,0.0,4.449999999999999,10.0
t1630,0.0,145.40335224999998,0.0,0.0,0.0,4.449999999999999,10.0
t1631,0.0,145.40335224999998,0.0,0.0,0.0,4.449999999999999,10.0
t1632,0.0,145.40335224999998,0.0,0.0,0.0,4.449999999999999,10.0
t1633,0.0,145.40335224999998,0.0,0.0,0.0,4.449999999999999,10.0
t1634,0.0,145.40335224999998,0.0,0.0,0.0,4.449999999999999,10.0
t1635,0.0,145.40335224999998,0.0,0.0,0.0,4.449999999999999,10.0
t1636,0.0,145.40335224999998,0.0,0.0,0.0,4.449999999999999,10.0
t1637,0.0,145.40335224999998,0.0,0.0,0.0,4.449999999999999,10.0
t1638,0.0,145.40335224999998,0.0,0.0,0.0,4.449999999999999,10.0
t1639,0.0,145.40335224999998,0.0,0.0,0.0,4.449999999999999,10.0
t1640,0.0,145.40335224999998,0.0,0.0,0.0,4.449999999999999,10.0
t1641,0.0,0.0,0.0,0.0,0.0,4.004999999999999,8.999999999999998
t1642,0.0,0.0,0.0,0.0,0.0,0.0,0.0
t1643,0.0,0.0,0.0,0.0,0.0,0.0,0.0
t1644,0.0,0.0,0.0,0.0,0.0,0.0,0.0
t1645,0.0,0.0,0.0,0.0,0.0,0.0,0.0
t1646,0.0,0.0,0.0,0.0,0.0,0.0,0.0
t1647,0.0,0.0,0.0,0.0,0.0,0.0,0.0
t1648,0.0,0.0,0.0,0.0,0.0,2.5031250000000003,5.625
t1649,0.0,142.48633425,0.0,0.0,0.0,4.449999999999999,10.0
t1650,0.0,142.48633425,0.0,0.0,0.0,4.449999999999999,10.0
t1651,0.0,142.48633425,0.0,0.0,0.0,4.449999999999999,10.0
t1652,0.0,142.48633425,0.0,0.0,0.0,4.449999999999999,10.0
t1653,0.0,142.48633425,0.0,0.0,0.0,4.449999999999999,10.0
t1654,0.0,142.48633425,0.0,0.0,0.0,4.449999999999999,10.0
t1655,0.0,142.48633425,0.0,0.0,0.0,4.449999999999999,10.0
t1656,0.0,142.48633425,0.0,0.0,0.0,4.449999999999999,10.0
t1657,0.0,142.48633425,0.0,0.0,0.0,4.449999999999999,10.0
t1658,0.0,142.48633425,0.0,0.0,0.0,4.449999999999999,10.0
t1659,0.0,142.48633425,0.0,0.0,0.0,4.449999999999999,10.0
t1660,0.0,142.48633425,0.0,0.0,0.0,4.449999999999999,10.0
t1661,0.0,142.48633425,0.0,0.0,0.0,4.449999999999999,10.0
t1662,0.0,142.48633425,0.0,0.0,0.0,4.449999999999999,10.0
t1663,0.0,142.48633425,0.0,0.0,0.0,4.449999999999999,10.0
t1664,0.0,142.48633425,0.0,0.0,0.0,4.449999999999999,10.0
t1665,0.0,0.0,0.0,0.0,0.0,4.004999999999999,8.999999999999998
t1666,0.0,0.0,0.0,0.0,0.0,0.0,0.0
t1667,0.0,0.0,0.0,0.0,0.0,0.0,0.0
t1668,0.0,0.0,0.0,0.0,0.0,0.0,0.0
t1669,0.0,0.0,0.0,0.0,0.0,0.0,0.0
t1670,0.0,0.0,0.0,0.0,0.0,0.0,0.0
t1671,0.0,0.0,0.0,0.0,0.0,0.0,0.0
t1672,0.0,0.0,0.0,0.0,0.0,2.5031250000000003,5.625
t1673,0.0,163.29757024999998,0.0,0.0,0.0,4.449999999999999,10.0
t1674,0.0,163.29757024999998,0.0,0.0,0.0,4.449999999999999,10.0
t1675,0.0,163.29757024999998,0.0,0.0,0.0,4.449999999999999,10.0
t1676,0.0,163.29757024999998,0.0,0.0,0.0,4.449999999999999,10.0
t1677,0.0,163.29757024999998,0.0,0.0,0.0,4.449999999999999,10.0
t1678,0.0,163.29757024999998,0.0,0.0,0.0,4.449999999999999,10.0
t1679,0.0,163.29757024999998,0.0,0.0,0.0,4.449999999999999,10.0
t1680,0.0,163.29757024999998,0.0,0.0,0.0,4.449999999999999,10.0
t1681,0.0,170.5410175581634,0.0,0.0,0.0,4.449999999999999,10.0
t1682,0.0,170.5410175581634,0.0,0.0,0.0,4.449999999999999,10.0
t1683,0.0,170.5410175581634,0.0,0.0,0.0,4.449999999999999,10.0
t1684,0.0,170.5410175581634,0.0,0.0,0.0,4.449999999999999,10.0
t1685,0.0,170.5410175581634,0.0,0.0,0.0,4.449999999999999,10.0
t1686,0.0,170.5410175581634,0.0,0.0,0.0,4.449999999999999,10.0
t1687,0.0,170.5410175581634,0.0,0.0,0.0,4.449999999999999,10.0
t1688,0.0,170.5410175581634,0.0,0.0,0.0,4.449999999999999,10.0
t1689,0.0,170.5410175581634,0.0,0.0,0.0,4.449999999999999,10.0
t1690,0.0,0.0,0.0,0.0,0.0,4.004999999999999,8.999999999999998
t1691,0.0,0.0,0.0,0.0,0.0,0.0,0.0
t1692,0.0,0.0,0.0,0.0,0.0,0.0,0.0
t1693,0.0,0.0,0.0,0.0,0.0,0.0,0.0
t1694,0.0,0.0,0.0,0.0,0.0,0.0,0.0
t1695,0.0,0.0,0.0,0.0,0.0,0.0,0.0
t1696,0.0,0.0,0.0,0.0,0.0,2.5031250000000007,5.625
t1697,0.0,170.5410175581634,0.0,0.0,0.0,4.449999999999999,10.0
t1698,0.0,170.5410175581634,0.0,0.0,0.0,4.449999999999999,10.0
t1699,0.0,170.5410175581634,0.0,0.0,0.0,4.449999999999999,10.0
t1700,0.0,170.5410175581634,0.0,0.0,0.0,4.449999999999999,10.0
t1701,0.0,170.5410175581634,0.0,0.0,0.0,4.449999999999999,10.0
t1702,0.0,170.5410175581634,0.0,0.0,0.0,4.449999999999999,10.0
t1703,0.0,170.5410175581634,0.0,0.0,0.0,4.449999999999999,10.0
t1704,0.0,170.5410175581634,0.0,0.0,0.0,4.449999999999999,10.0
t1705,0.0,170.5410175581634,0.0,0.0,0.0,4.449999999999999,10.0
t1706,0.0,170.5410175581634,0.0,0.0,0.0,4.449999999999999,10.0
t1707,0.0,170.5410175581634,0.0,0.0,0.0,4.449999999999999,10.0
t1708,0.0,170.5410175581634,0.0,0.0,0.0,4.449999999999999,10.0
t1709,0.0,170.5410175581634,0.0,0.0,0.0,4.449999999999999,10.0
t1710,0.0,170.5410175581634,0.0,0.0,0.0,4.449999999999999,10.0
t1711,0.0,170.5410175581634,0.0,0.0,0.0,4.449999999999999,10.0
t1712,0.0,170.5410175581634,0.0,0.0,0.0,4.449999999999999,10.0
t1713,0.0,0.0,0.0,0.0,0.0,4.004999999999999,8.999999999999998
t1714,0.0,0.0,0.0,0.0,0.0,0.0,0.0
t1715,0.0,0.0,0.0,0.0,0.0,0.0,0.0
t1716,0.0,0.0,0.0,0.0,0.0,0.0,0.0
t1717,0.0,0.0,0.0,0.0,0.0,0.0,0.0
t1718,0.0,0.0,0.0,0.0,0.0,0.0,0.0
t1719,0.0,0.0,0.0,0.0,0.0,0.0,0.0
t1720,0.0,0.0,0.0,0.0,0.0,2.5031250000000007,5.625
t1721,0.0,170.5410175581634,0.0,0.0,0.0,4.449999999999999,10.0
t1722,0.0,170.5410175581634,0.0,0.0,0.0,4.449999999999999,10.0
t1723,0.0,170.5410175581634,0.0,0.0,0.0,4.449999999999999,10.0
t1724,0.0,170.5410175581634,0.0,0.0,0.0,4.449999999999999,10.0
t1725,0.0,170.5410175581634,0.0,0.0,0.0,4.449999999999999,10.0
t1726,0.0,170.5410175581634,0.0,0.0,0.0,4.449999999999999,10.0
t1727,0.0,170.5410175581634,0.0,0.0,0.0,4.449999999999999,10.0
t1728,0.0,170.5410175581634,0.0,0.0,0.0,4.449999999999999,10.0
t1729,0.0,170.5410175581634,0.0,0.0,0.0,4.449999999999999,10.0
t1730,0.0,170.5410175581634,0.0,0.0,0.0,4.449999999999999,10.0
t1731,0.0,170.5410175581634,0.0,0.0,0.0,4.449999999999999,10.0
t1732,0.0,170.5410175581634,0.0,0.0,0.0,4.449999999999999,10.0
t1733,0.0,170.5410175581634,0.0,0.0,0.0,4.449999999999999,10.0
t1734,0.0,170.5410175581634,0.0,0.0,0.0,4.449999999999999,10.0
t1735,0.0,170.5410175581634,0.0,0.0,0.0,4.449999999999999,10.0
t1736,0.0,170.5410175581634,0.0,0.0,0.0,4.449999999999999,10.0
t1737,0.0,0.0,0.0,0.0,0.0,4.004999999999999,5.625
t1738,0.0,0.0,0.0,0.0,0.0,0.0,0.0
t1739,0.0,0.0,0.0,0.0,0.0,0.0,0.0
t1740,0.0,0.0,0.0,0.0,0.0,0.0,0.0
t1741,0.0,0.0,0.0,0.0,0.0,0.0,0.0
t1742,0.0,0.0,0.0,0.0,0.0,0.0,0.0
t1743,0.0,0.0,0.0,0.0,0.0,0.0,0.0
t1744,0.0,0.0,0.0,0.0,0.0,2.5031250000000007,8.999999999999998
t1745,0.0,161.13717025,0.0,0.0,0.0,4.449999999999999,10.0
t1746,0.0,161.13717025,0.0,0.0,0.0,4.449999999999999,10.0
t1747,0.0,161.13717025,0.0,0.0,0.0,4.449999999999999,10.0
t1748,0.0,161.13717025,0.0,0.0,0.0,4.449999999999999,10.0
t1749,0.0,161.13717025,0.0,0.0,0.0,4.449999999999999,10.0
t1750,0.0,161.13717025,0.0,0.0,0.0,4.449999999999999,10.0
t1751,0.0,161.13717025,0.0,0.0,0.0,4.449999999999999,10.0
t1752,0.0,161.13717025,0.0,0.0,0.0,4.449999999999999,10.0
t1753,0.0,161.13717025,0.0,0.0,0.0,4.449999999999999,10.0
t1754,0.0,161.13717025,0.0,0.0,0.0,4.449999999999999,10.0
t1755,0.0,161.13717025,0.0,0.0,0.0,4.449999999999999,10.0
t1756,0.0,161.13717025,0.0,0.0,0.0,4.449999999999999,10.0
t1757,0.0,161.13717025,0.0,0.0,0.0,4.449999999999999,10.0
t1758,0.0,161.13717025,0.0,0.0,0.0,4.449999999999999,10.0
t1759,0.0,161.13717025,0.0,0.0,0.0,4.449999999999999,10.0
t1760,0.0,161.13717025,0.0,0.0,0.0,4.449999999999999,10.0
t1761,0.0,0.0,0.0,0.0,0.0,4.004999999999999,5.625
t1762,0.0,0.0,0.0,0.0,0.0,0.0,0.0
t1763,0.0,0.0,0.0,0.0,0.0,0.0,0.0
t1764,0.0,0.0,0.0,0.0,0.0,0.0,0.0
t1765,0.0,0.0,0.0,0.0,0.0,0.0,0.0
t1766,0.0,0.0,0.0,0.0,0.0,0.0,0.0
t1767,0.0,0.0,0.0,0.0,0.0,0.0,0.0
t1768,0.0,0.0,0.0,0.0,0.0,2.5031250000000007,5.625
t1769,0.0,170.5410175581634,0.0,0.0,0.0,4.449999999999999,10.0
t1770,0.0,170.5410175581634,0.0,0.0,0.0,4.449999999999999,10.0
t1771,0.0,170.5410175581634,0.0,0.0,0.0,4.449999999999999,10.0
t1772,0.0,170.5410175581634,0.0,0.0,0.0,4.449999999999999,10.0
t1773,0.0,170.5410175581634,0.0,0.0,0.0,4.449999999999999,10.0
t1774,0.0,170.5410175581634,0.0,0.0,0.0,4.449999999999999,10.0
t1775,0.0,170.5410175581634,0.0,0.0,0.0,4.449999999999999,10.0
t1776,0.0,170.5410175581634,0.0,0.0,0.0,4.449999999999999,10.0
t1777,0.0,170.5410175581634,0.0,0.0,0.0,4.449999999999999,10.0
t1778,0.0,170.5410175581634,0.0,0.0,0.0,4.449999999999999,10.0
t1779,0.0,170.5410175581634,0.0,0.0,0.0,4.449999999999999,10.0
t1780,0.0,170.5410175581634,0.0,0.0,0.0,4.449999999999999,10.0
t1781,0.0,170.5410175581634,0.0,0.0,0.0,4.449999999999999,10.0
t1782,0.0,170.5410175581634,0.0,0.0,0.0,4.449999999999999,10.0
t1783,0.0,170.5410175581634,0.0,0.0,0.0,4.449999999999999,10.0
t1784,0.0,170.5410175581634,0.0,0.0,0.0,4.449999999999999,10.0
t1785,0.0,170.5410175581634,0.0,0.0,0.0,4.449999999999999,10.0
t1786,0.0,0.0,0.0,0.0,0.0,4.004999999999999,8.999999999999998
t1787,0.0,0.0,0.0,0.0,0.0,0.0,0.0
t1788,0.0,0.0,0.0,0.0,0.0,0.0,0.0
t1789,0.0,0.0,0.0,0.0,0.0,0.0,0.0
t1790,0.0,0.0,0.0,0.0,0.0,0.0,0.0
t1791,0.0,0.0,0.0,0.0,0.0,0.0,0.0
t1792,0.0,0.0,0.0,0.0,0.0,2.5031250000000007,8.999999999999998
t1793,0.0,170.5410175581634,0.0,0.0,0.0,4.449999999999999,10.0
t1794,0.0,170.5410175581634,0.0,0.0,0.0,4.449999999999999,10.0
t1795,0.0,170.5410175581634,0.0,0.0,0.0,4.449999999999999,10.0
t1796,0.0,170.5410175581634,0.0,0.0,0.0,4.449999999999999,10.0
t1797,0.0,170.5410175581634,0.0,0.0,0.0,4.449999999999999,10.0
t1798,0.0,170.5410175581634,0.0,0.0,0.0,4.449999999999999,10.0
t1799,0.0,170.5410175581634,0.0,0.0,0.0,4.449999999999999,10.0
t1800,0.0,170.5410175581634,0.0,0.0,0.0,4.449999999999999,10.0
t1801,0.0,170.5410175581634,0.0,0.0,0.0,4.449999999999999,10.0
t1802,0.0,170.5410175581634,0.0,0.0,0.0,4.449999999999999,10.0
t1803,0.0,170.5410175581634,0.0,0.0,0.0,4.449999999999999,10.0
t1804,0.0,170.5410175581634,0.0,0.0,0.0,4.449999999999999,10.0
t1805,0.0,170.5410175581634,0.0,0.0,0.0,4.449999999999999,10.0
t1806,0.0,170.5410175581634,0.0,0.0,0.0,4.449999999999999,10.0
t1807,0.0,170.5410175581634,0.0,0.0,0.0,4.449999999999999,10.0
t1808,0.0,170.5410175581634,0.0,0.0,0.0,4.449999999999999,10.0
t1809,0.0,0.0,0.0,0.0,0.0,4.004999999999999,5.625
t1810,0.0,0.0,0.0,0.0,0.0,0.0,0.0
t1811,0.0,0.0,0.0,0.0,0.0,0.0,0.0
t1812,0.0,0.0,0.0,0.0,0.0,0.0,0.0
t1813,0.0,0.0,0.0,0.0,0.0,0.0,0.0
t1814,0.0,0.0,0.0,0.0,0.0,0.0,0.0
t1815,0.0,0.0,0.0,0.0,0.0,0.0,0.0
t1816,0.0,0.0,0.0,0.0,0.0,0.0,0.0
t1817,0.0,0.0,0.0,0.0,0.0,2.5031250000000007,8.999999999999998
t1818,0.0,169.6894706,0.0,0.0,0.0,4.449999999999999,10.0
t1819,0.0,169.6894706,0.0,0.0,0.0,4.449999999999999,10.0
t1820,0.0,169.6894706,0.0,0.0,0.0,4.449999999999999,10.0
t1821,0.0,169.6894706,0.0,0.0,0.0,4.449999999999999,10.0
t1822,0.0,169.6894706,0.0,0.0,0.0,4.449999999999999,10.0
t1823,0.0,169.6894706,0.0,0.0,0.0,4.449999999999999,10.0
t1824,0.0,169.6894706,0.0,0.0,0.0,4.449999999999999,10.0
t1825,0.0,169.6894706,0.0,0.0,0.0,4.449999999999999,10.0
t1826,0.0,169.68947059999996,0.0,0.0,0.0,4.449999999999999,10.0
t1827,0.0,169.68947059999996,0.0,0.0,0.0,4.449999999999999,10.0
t1828,0.0,169.68947059999996,0.0,0.0,0.0,4.449999999999999,10.0
t1829,0.0,169.68947059999996,0.0,0.0,0.0,4.449999999999999,10.0
t1830,0.0,169.68947059999996,0.0,0.0,0.0,4.449999999999999,10.0
t1831,0.0,169.68947059999996,0.0,0.0,0.0,4.449999999999999,10.0
t1832,0.0,169.68947059999996,0.0,0.0,0.0,4.449999999999999,10.0
t1833,0.0,0.0,0.0,0.0,0.0,4.004999999999999,5.625
t1834,0.0,0.0,0.0,0.0,0.0,0.0,0.0
t1835,0.0,0.0,0.0,0.0,0.0,0.0,0.0
t1836,0.0,0.0,0.0,0.0,0.0,0.0,0.0
t1837,0.0,0.0,0.0,0.0,0.0,0.0,0.0
t1838,0.0,0.0,0.0,0.0,0.0,0.0,0.0
t1839,0.0,0.0,0.0,0.0,0.0,0.0,0.0
t1840,0.0,0.0,0.0,0.0,0.0,0.0,0.0
t1841,0.0,0.0,0.0,0.0,0.0,2.5031250000000007,8.999999999999998
t1842,0.0,170.5410175581634,0.0,0.0,0.0,4.449999999999999,10.0
t1843,0.0,170.5410175581634,0.0,0.0,0.0,4.449999999999999,10.0
t1844,0.0,170.5410175581634,0.0,0.0,0.0,4.449999999999999,10.0
t1845,0.0,170.5410175581634,0.0,0.0,0.0,4.449999999999999,10.0
t1846,0.0,170.5410175581634,0.0,0.0,0.0,4.449999999999999,10.0
t1847,0.0,170.5410175581634,0.0,0.0,0.0,4.449999999999999,10.0
t1848,0.0,170.5410175581634,0.0,0.0,0.0,4.449999999999999,10.0
